3
 ПЛИТНОЕ  Ж.Б.П.С. ПОД НАГРУЗКУ 1907 г. 
 Lo = 427 см.  Lп = 563 см.
 A0_0427.01
  1.000
 20.000
  0.000
  0.000
  0.000
  0.000
  0.000
473.000
 23.000
450.000
563.000
  1.000
215.000
  0.000
  0.000
215
215
  6.000
 15.000
 61.000
 15.000
135.000
 50.000
151.000
380
151.000
415
135.000
415
 61.000
  0.000
  0.000
  0.000
  0.000
  0.000
  0.000
  3.000
  0.000
236.500
473.000
  2.000
  9.000
  2.000
  9.000
  2.000
  5.000
  6.000
  9.000
  1.000
  1.000
 10.000
  0.000
  0.000
  0.000
 61.000
  0.000
135.000
 15.000
135.000
 15.000
 61.000
415
 61.000
415
135.000
430
135.000
430
 61.000
430
  0.000
  0.000
  2.000
 63.585
 -5.000
 60.000
  4.200
  5.500
 56.520
 50.000
115.000
  4.200
  5.500
  1.000
540.000
  4.000
 30.000
  3.000
-42.000
515.000
  5.500
126.170
 60.000
413.000
  5.500
 63.585
115.000
358.000
  5.500
 56.520
  0.000
  1.000
18
30
 -207.4 -183.0 -158.6 -134.2 -109.8 -85.4 -61.0 -36.6 -12.2 12.2 36.6 61.0 85.4 109.8 134.2 158.6 183.0 207.4 
9
30
 -199.6 -149.7 -99.8 -49.9 0.0 49.9 99.8 149.7 199.6 
8
30
 -203.0 -145.0 -87.0 -29.0 29.0 87.0 145.0 203.0 
