3
 ПЛИТНОЕ  Ж.Б.П.C. ПOД HAГPУЗKУ   1907 г.  
 Lо = 213 см.  Lп = 293 см.
 A0_0213.01
  1.000
 20.000
  0.000
  0.000
  0.000
  0.000
  0.000
239.000
 13.000
226.000
293.000
  1.000
170.000
  0.000
  0.000
170.000
170.000
  4.000
 20.000
 32.000
 15.000
103.000
325.000
103.000
320.000
 32.000
  0.000
  0.000
  0.000
  0.000
  0.000
  0.000
  3.000
  0.000
119.500
239.000
  2.000
  9.000
  2.000
  9.000
  2.000
  5.000
  6.000
  9.000
  1.000
  1.000
 10.000
  0.000
  0.000
  0.000
 32.000
  0.000
103.000
 15.000
103.000
 20.000
 32.000
320.000
 32.000
325.000
103.000
340.000
103.000
340.000
 32.000
340.000
  0.000
  0.000
  2.000
 28.400
 -3.000
 28.000
  2.800
  2.800
 11.360
 -3.000
 58.000
  2.800
  2.800
  1.000
275.000
 28.000
 25.000
  3.000
-23.000
262.000
  2.800
 39.760
 28.000
211.000
  2.800
 28.400
 58.000
181.000
  2.800
 11.360
  0.000
  1.000
14
19
 -165.8 -140.3 -114.8 -89.3 -63.8 -38.3 -12.8 12.8 38.3 63.8 89.3 114.8 140.3 165.8 
10
19
 -153.0 -119.0 -85.0 -51.0 -17.0 17.0 51.0 85.0 119.0 153.0 
4
19
 -166.5 -55.5 55.5 166.5 
