3
   èãàíçéÖ  Ü.Å.è.ë  èéÑ  çÄÉêìáäì  1907 £.  
   Lo = 64 ·¨.  LØ = 134 ·¨.
   A0_0064.01
  
         1
        20
         0         0         0         0
         0        88
        12        76
         134
         1
       170
         0
         0
       170       170
         4
        20        30        15       100       325       100       320        30
         0         0         0         0
         0



         0

         3
         0        44        88
         2         9         2         9
         2         5
         6         9
         1         1
        10
0 0  0 30  0 100  15 100  20 30  320 30  325 100  340 100  340 30  340 0
         0

         0
         1
       106.5         9.05      25
         1
       -20       108     2.700    13.850
         0
         1
9
14
 -168.0 -126.0 -84.0 -42.0 0.0 42.0 84.0 126.0 168.0 
