 2
 Четырехребристое ПС   под нагрузку 1907 года  a4_0320.02 Lo-3.20 м
 *
  1.000
 20.000
  0.000
  0.000
  0.000
  0.000
  0.000
353.333
 16.667
336.667
420.000
  4.000
 76.000
146.000
234.000
304.000
  0.000
  0.000
190.000
190.000
  0.000
 10.000
 15.000
 50.000
 15.000
100.000
 15.000
100.000
 33.000
100.000
 48.000
110.000
332.000
110.000
347.000
100.000
365.000
100.000
365.000
100.000
365.000
 50.000
  0.000
  0.000
  0.000
  0.000
  7.000
  2.000
  2.000
  2.000
  2.000
  2.000
  2.000
  2.000
 22.682
  6.283
 22.682
  6.283
  3.142
  6.283
  6.283
  3.000
 48.450
 36.000
 48.450
  3.000
 31.550
 36.000
 31.550
 36.000
 48.450
 59.000
 48.450
 36.000
 31.550
 59.000
 20.000
 93.000
 48.450
103.500
 48.450
 93.000
 31.550
103.500
 31.550
103.500
 31.550
111.000
 31.550
  0.000
  3.000
  0.000
176.667
353.333
  2.000
 12.000
  3.000
 12.000
  5.000
  9.000
  1.000
  0.000
 13.000
 56.000
  0.000
 56.000
 20.000
 36.000
 30.000
  0.000
 30.000
  0.000
 50.000
  0.000
100.000
 15.000
100.000
 15.000
100.000
 15.000
 50.000
111.000
 50.000
111.000
 30.000
 96.000
 30.000
 96.000
  0.000
  0.000
  2.000
  9.425
  -15
25
  4.000
  7.000
  6.280
 20.000
 60.000
  4.000
  7.000
  1.000
400.000
  5.000
 20.000
  3.000
-29.000
382.333
  5.000
 15.708
 25
329
  7.000
  9.425
 60.000
293.333
  7.000
  6.280
  1.000
-32.000
385.333
  4.000
  0.000
  6.000
  2.000
  2.000
  2.000
  2.000
  2.000
  2.000
  6.283
  3.142
  6.283
  3.142
  6.283
  6.283
111.000
 31.550
118.500
 31.550
118.500
 48.450
129.000
 48.450
118.500
 31.550
129.000
 31.550
163.000
 48.450
178.000
 48.450
163.000
 31.550
178.000
 31.550
178.000
 31.550
190.000
 31.550
  0.000
  3.000
  0.000
176.667
353.333
  2.000
  7.000
  2.000
  7.000
  0.000
  0.000
  8.000
126.000
  0.000
126.000
 30.000
111.000
 30.000
111.000
 50.000
190.000
 50.000
190.000
 30.000
166.000
 30.000
166.000
  0.000
  0.000
  2.000
  9.425
-15
25
  4.000
7
6.28
20
60
4
7
  1.000
400.000
  5.000
 20.000
  3
-29.000
382.333
  5.000
 15.708
25
329
  7.000
  9.425
60   293     7      6.28
  1.000
-32.000
385.333
  4.000
  0.000
  6.000
  2.000
  2.000
  2.000
  2.000
  2.000
  2.000
  6.283
  3.142
  6.283
  3.142
  6.283
  6.283
190.000
 31.550
202.000
 31.550
202.000
 48.450
217.000
 48.450
202.000
 31.550
217.000
 31.550
251.000
 48.450
261.500
 48.450
251.000
 31.550
261.500
 31.550
261.500
 31.550
269.000
 31.550
  0.000
  3.000
  0.000
176.667
353.333
  2.000
  7.000
  2.000
  7.000
  0.000
  0.000
  8.000
214.000
  0.000
214.000
 30.000
190.000
 30.000
190.000
 50.000
269.000
 50.000
269.000
 30.000
254.000
 30.000
254.000
  0.000
  0.000
  2.000
  9.425
-15
25
  4.000
  7.000
6.28   20   60   4   7
  1.000
400.000
  5.000
 20.000
  3
-29.000
382.333
  5.000
 15.708
25
329
  7.000
  9.425
60   293   7   6.28
  1.000
-32.000
385.333
  4.000
  0.000
  0.000
  0.000
  0.000
  0.000
  7.000
  2.000
  2.000
  2.000
  2.000
  2.000
  2.000
  2.000
 22.682
  6.283
 22.682
  6.283
  3.142
  6.283
  6.283
377.000
 48.450
344.000
 48.450
377.000
 31.550
344.000
 31.550
344.000
 48.450
321.000
 48.450
344.000
 31.550
321.000
 20.000
287.000
 48.450
276.500
 48.450
287.000
 31.550
276.500
 31.550
276.500
 31.550
269.000
 31.550
  0.000
  3.000
  0.000
176.667
353.333
  2.000
 12.000
  2.000
 11.000
  5.000
  9.000
  0.000
  1.000
 13.000
284.000
  0.000
284.000
 30.000
269.000
 30.000
269.000
 50.000
365.000
 50.000
365.000
100.000
365.000
100.000
380.000
100.000
380.000
 50.000
380.000
 30.000
344.000
 30.000
324.000
 20.000
324.000
  0.000
  0.000
  2.000
  9.425
-15
20
  4.000
  7.000
  6.280
 20.000
 60.000
  4.000
  7.000
  1.000
400.000
  5.000
 20.000
  3.000
-29.000
382.333
  5.000
 15.708
25
329
  7.000
  9.425
 60.000
293.333
  7.000
  6.280
  1.000
-32.000
385.333
  4.000
  0.000
  1.000
5
20
 -18.0 -9.0 0.0 9.0 18.0 
3
20
 15.0 -15.0 2.0 
2
20
 -11.5 11.5 
1
0
 0.0 
20
12
8
10
20
12
8
10
4
10
8
10
8
10
5
20
 -18.0 -9.0 0.0 9.0 18.0 
3
20
 15.0 -15.0 2.0 
2
20
 -11.5 11.5 
1
0
 0.0 
20
12
8
10
20
12
8
10
4
10
8
10
5
20
 -18.0 -9.0 0.0 9.0 18.0 
3
20
 15.0 -15.0 2.0 
2
20
 -11.5 11.5 
1
0
 0.0 
20
12
8
10
20
12
8
10
4
10
8
10
5
20
 -18.0 -9.0 0.0 9.0 18.0 
3
20
 15.0 -15.0 2.0 
2
20
 -11.5 11.5 
1
0
 0.0 
20
12
8
10
20
12
8
10
4
10
8
10
8
10
