1
a4_0853.02
1
20
0
0
0
0
  0    898.667
23.333      875.333
992.000
4
  141  220  300  379
0
0
260
260
1
10
15  141
15  216
15  216
15  216
115  231
405  231
505  216
505  216
505  216
505  141
0  0  0  0
8
   2  2  2  2  2  2  2  2
   22.682  8.639  22.682  14.923  8.639  0.000  8.639  0.000
2 139
47 139
2 127
47 127
47 139
123 139
47 127
123 108
159 139
168 139
159 127
168 127
168 127
178 127
168 139
178 139
 0
 3
 0  449.333  898.667
2 12 3 12 5 9 1 0
13
121 0
121 106
45 125
0 125
0 141
0 216
15 216
15 216
15 141
180 141
180 125
161 125
161 0
0
2
  18.473 -18 120 5 8
  12.315 97 236 5 8
1
  988 0.000 15
3
  -44 943 4.500 30.788
  120 778 8.400 18.473
  236 662 8.400 12.315
0
8
   2  2  2  2  2  2  2  2
   22.682  8.639  22.682  14.923  8.639  0.000  8.639  0.000
182 127
192 127
182 139
192 139
192 139
202 139
192 127
202 127
238 139
247 139
238 127
247 127
247 127
257 127
247 139
257 139
 0
 3
 0  449.333  898.667
2 7 2 7 0 0
8
200 0
200 125
180 125
180 141
259 141
259 125
240 125
240 0
0
2
  18.473 -18 120 5 8
  12.315 97 236 5 8
1
  988 0.000 15
3
  -44 943 4.500 30.788
  120 778 8.400 18.473
  236 662 8.400 12.315
0
8
   2  2  2  2  2  2  2  2
   22.682  8.639  22.682  14.923  8.639  0.000  8.639  0.000
261 127
271 127
261 139
271 139
271 139
281 139
271 127
281 127
317 139
327 139
317 127
327 127
327 127
338 127
327 139
338 139
 0
 3
 0  449.333  898.667
2 7 2 7 0 0
8
279 0
279 125
259 125
259 141
340 141
340 125
319 125
319 0
0
2
  18.473 -18 120 5 8
  12.315 97 236 5 8
1
  988 0.000 15
3
  -44 943 4.500 30.788
  120 778 8.400 18.473
  236 662 8.400 12.315
0
0  0  0  0
8
   2  2  2  2  2  2  2  2
   22.682  8.639  22.682  14.923  8.639  0.000  8.639  0.000
473 139
518 139
473 127
518 127
397 139
473 139
397 108
473 127
342 139
361 139
342 127
361 127
342 127
342 127
342 139
342 139
 0
 3
 0  449.333  898.667
2 12 2 11 5 9 0 1
13
359 0
359 125
340 125
340 141
505 141
505 216
505 216
520 216
520 141
520 125
475 125
399 106
399 0
0
2
  18.473 -18 120 5 8
  12.315 97 236 5 8
1
  988 0.000 15
3
  -44 943 4.500 30.788
  120 778 8.400 18.473
  236 662 8.400 12.315
0
1
5
28.000
  -18.000 -9.000 0.000 9.000 18.000
3
28.000
  -18.000 0.000 18.000
2
28.000
  -9.000 9.000
19.000
8.000
10.000
11.000
19.000
8.000
10.000
19.000
10.000
11.000
0.000
0.000
10.000
11.000
0.000
0.000
5
28.000
  -18.000 -9.000 0.000 9.000 18.000
3
28.000
  -18.000 0.000 18.000
2
28.000
  -9.000 9.000
19.000
8.000
10.000
11.000
19.000
8.000
10.000
19.000
10.000
11.000
0.000
0.000
10.000
11.000
0.000
0.000
5
28.000
  -18.000 -9.000 0.000 9.000 18.000
3
28.000
  -18.000 0.000 18.000
2
28.000
  -9.000 9.000
19.000
8.000
10.000
11.000
19.000
8.000
10.000
19.000
10.000
11.000
0.000
0.000
10.000
11.000
0.000
0.000
5
28.000
  -18.000 -9.000 0.000 9.000 18.000
3
28.000
  -18.000 0.000 18.000
2
28.000
  -9.000 9.000
19.000
8.000
10.000
11.000
19.000
8.000
10.000
19.000
10.000
11.000
0.000
0.000
10.000
11.000
0.000
0.000
