3
N  ПО  КАТАЛОГУ  5
ЧЕТЫРЕХРЕБРИСТОЕ  Ж.Б.П.С.  ПОД  НАГРУЗКУ  1907 г.
Lo = 1067 см.  Lп = 1216  см. (обрывы раст. ар-ры поставлены по аналогам)
  1.000
 17.000
  0.000
  0.000
  0.000
  0.000
  0.000
1116.670
 24.830
1091.840
1216.000
  4.000
132.600
202.600
290.400
360.400
  0.000
  0.000
246.500
246.500
  1.000
  6.000
 15.000
138.000
 15.000
157.000
 81.500
183.000
411.500
183.000
478.000
157.000
478.000
138.000
  0.000
  0.000
  0.000
  0.000
  4.000
  2.000
  2.000
  2.000
  3.000
 10.200
 10.200
  5.600
  5.600
 15.000
134.000
122.600
134.000
142.600
114.000
168.000
114.000
142.600
134.000
168.000
134.000
 15.000
134.000
 48.000
134.000
122.600
110.000
  0.000
  3.000
  0.000
558.340
1116.670
  8.000
  5.000
  9.000
  4.000
 13.000
  1.000
  1.000
  0.000
 15.000
 15.000
138.000
168.000
138.000
168.000
110.000
153.000
110.000
153.000
110.000
153.000
  8.000
113.000
  8.000
113.000
110.000
 48.000
130.000
 15.000
130.000
 15.000
102.000
  0.000
102.000
  0.000
138.000
  0.000
157.000
 15.000
157.000
  2.000
  6.000
  7.000
153.000
  0.000
113.000
  0.000
  2.000
 22.680
 65.830
181.830
  6.000
  6.000
 34.020
155.830
272.830
  6.000
 15.000
  1.000
1200.000
  3.160
 30.000
  3.000
-46.000
1162.670
  6.000
 34.020
121.830
994.840
  6.000
 22.680
272.830
843.840
 15.000
 34.020
  1.000
-46.000
1162.670
  6.000
 45.400
  4.000
  2.000
  2.000
  2.000
  2.000
 10.200
 10.200
  5.600
  5.600
168.000
114.000
193.400
114.000
212.600
114.000
247.000
114.000
168.000
134.000
193.400
134.000
212.600
134.000
247.000
134.000
  0.000
  3.000
  0.000
558.340
1116.670
  8.000
  5.000
  9.000
  4.000
  0.000
  0.000
 10.000
168.000
138.000
247.000
138.000
247.000
110.000
247.000
110.000
223.000
110.000
223.000
  8.000
183.000
  8.000
183.000
110.000
183.000
110.000
168.000
110.000
  2.000
  6.000
  7.000
223.000
  0.000
183.000
  0.000
  2.000
 22.680
 60.830
181.830
  6.000
  6.000
 34.020
155.830
272.830
  6.000
 15.000
  1.000
1200.000
  3.160
 30.000
  3.000
-46.000
1162.670
  6.000
 34.020
121.830
994.840
  6.000
 22.680
272.830
843.840
 15.000
 34.020
  1.000
-46.000
1162.670
  6.000
 45.400
  4.000
  2.000
  2.000
  2.000
  2.000
 10.200
 10.200
  5.600
  5.600
247.000
114.000
281.400
114.000
300.600
114.000
326.000
114.000
247.000
134.000
281.400
134.000
300.600
134.000
326.000
134.000
  0.000
  3.000
  0.000
558.340
1116.670
  8.000
  5.000
  9.000
  4.000
  0.000
  0.000
 10.000
247.000
138.000
326.000
138.000
326.000
110.000
311.000
110.000
311.000
110.000
311.000
  8.000
271.000
  8.000
271.000
110.000
271.000
110.000
247.000
110.000
  2.000
  6.000
  7.000
311.000
  0.000
271.000
  0.000
  2.000
 22.680
 65.830
181.830
  6.000
  6.000
 34.020
155.830
272.830
  6.000
 15.000
  1.000
1200.000
  3.160
 30.000
  3.000
-46.000
1162.670
  6.000
 34.020
121.830
994.840
  6.000
 22.680
272.830
843.840
 15.000
 34.020
  1.000
-46.000
1162.670
  6.000
 45.400
  0.000
  0.000
  0.000
  0.000
  4.000
  2.000
  2.000
  2.000
  3.000
 10.200
 10.200
  5.600
  5.600
326.000
114.000
351.400
114.000
326.000
134.000
351.400
134.000
370.600
134.000
478.000
134.000
370.600
110.000
446.000
134.000
478.000
134.000
  0.000
  3.000
  0.000
558.340
1116.670
 13.000
 10.000
 14.000
  9.000
  2.000
  5.000
  0.000
  1.000
 15.000
326.000
138.000
478.000
138.000
478.000
157.000
493.000
157.000
493.000
138.000
493.000
102.000
478.000
102.000
478.000
130.000
445.000
130.000
380.000
110.000
380.000
  8.000
340.000
  8.000
340.000
110.000
340.000
110.000
326.000
110.000
  2.000
 11.000
 12.000
380.000
  0.000
340.000
  0.000
  2.000
 22.680
 65.830
181.830
  6.000
  6.000
 34.020
155.830
272.830
  6.000
 15.000
  1.000
1200.000
  3.160
 30.000
  3.000
-46.000
1162.670
  6.000
 34.020
121.830
994.840
  6.000
 22.680
272.830
843.840
 15.000
 34.020
  1.000
-46.000
1162.670
  6.000
 45.400
  1.000
3
38
 -18.0 0.0 18.0 
2
38
 -9.0 9.0 
3
38
 -13.5 0.0 13.5 
5
34
 -18.0 -9.0 0.0 9.0 18.0 
13
10
13
10
5
12
5
12
3
38
 -18.0 0.0 18.0 
2
38
 -9.0 9.0 
3
38
 -13.5 0.0 13.5 
5
34
 -18.0 -9.0 0.0 9.0 18.0 
13
10
13
10
5
12
5
12
3
38
 -18.0 0.0 18.0 
2
38
 -9.0 9.0 
3
38
 -13.5 0.0 13.5 
5
34
 -18.0 -9.0 0.0 9.0 18.0 
13
10
13
10
5
12
5
12
3
38
 -18.0 0.0 18.0 
2
38
 -9.0 9.0 
3
38
 -13.5 0.0 13.5 
5
34
 -18.0 -9.0 0.0 9.0 18.0 
13
10
13
10
5
12
5
12
