         3
Плитное железобетонное ПС длинной 4.9 м
Код b0_0400.03
*

         1
        18
         0         0         0         0
         0       430        15       415
       490
         1
       200
         0
         0
       200       200
        10
        20        57
        20        92
        20        92
        30        92
        47       112
       353       112
       370        92
       380        92
       380        92
       380        57

         0         0         0         0
         0



         0

         3
         0       215       430
         2        11         2        11
         2         6
         7        11
         1         1
        12
         0         5         0        57         0        92        20        92        20        92        20        57       380        57       380        92       380        92       400        92       400        57       400         5
         2
         1        12
         0         0       400         0
         1
    45.616       -20        55         2         4
         0
         2
       -20       450         4   121.642
        55       375         4    45.616
         0
         1
32
22
 -196.8 -184.2 -171.4 -158.8 -146.1 -133.3 -120.7 -108.0 -95.3 -82.5 -69.8 -57.1 -44.5 -31.8 -19.1 -6.3 6.3 19.1 31.8 44.5 57.1 69.8 82.5 95.3 108.0 120.7 133.3 146.1 158.8 171.4 -176.0 -144.0 
12
22
 -176.0 -144.0 -112.0 -80.0 -48.0 -16.0 16.0 48.0 80.0 112.0 144.0 176.0 
