         2
b0_0300.07
*

         1
        18
         0         0         0         0
         0   326.667    13.333   313.333
       380
         1
   182.500
         0
         0
   182.500   182.500
        10
        20        40
        10        75
        10        75
        10        75
        35        90
       330        90
       355        75
       355        75
       355        75
       345        40

         0         0         0         0
         0



         0

         3
         0   163.333   326.667
         2        11         2        11
         2         6
         7        11
         1         1
        12
         0         5         0        40         0        75        10        75        10        75        20        40       345        40       355        75       355        75       365        75       365        40       365         5
         2
         1        12
         0         0       365         0
         2
    19.847     3.333    29.333         5         4
    17.012    37.333    63.333         5         4
         1
   343.333     0.565        40
         3
       -22   348.333         4    68.047
    29.333   297.333         4    19.847
    63.333   263.333         4    17.012
         0
         1
11
28
 -180.0 -144.0 -108.0 -72.0 -36.0 0.0 36.0 72.0 108.0 144.0 180.0 
4
25
 -82.5 -27.5 27.5 82.5 
4
24
 -135.0 -45.0 45.0 135.0 
