         4
Плитное пролетное строение пролетом в свету 4.27м
b0_0427.03
Проектная контора ЦУСТРОЯ НКПС 1930г.
*

         1
        20
         0         0         0         0
         0       458    15.500   442.500
       520
         1
       200
         0
         0
       200       200
        10
        20        65
        20       100
        20       100
        20       100
        45       115
       355       115
       380       100
       380       100
       380       100
       380        65

         0         0         0         0
         0



         0

         3
         0       229       458
         2        11         2        11
         2         6
         7        11
         1         1
        12
         0         0         0        65         0       100        20       100        20       100        20        65       380        65       380       100       380       100       400       100       400        65       400         0
         0

         1
    45.616        17        69     9.900     3.100
         0
         2
       -26       484     3.100   121.642
        69       389     3.100    45.616
         0
         1
32
22
 -193.8 -181.3 -168.8 -156.3 -143.8 -131.3 -118.8 -106.3 -93.8 -81.3 -68.8 -56.3 -43.8 -31.3 -18.8 -6.3 6.3 18.8 31.3 43.8 56.3 68.8 81.3 93.8 106.3 118.8 131.3 143.8 156.3 168.8 -198.0 -162.0 
12
22
 -198.0 -162.0 -126.0 -90.0 -54.0 -18.0 18.0 54.0 90.0 126.0 162.0 198.0 
