4
Железобетонное пролетное строение под нагрузку 1925 года
Проектная контора ЦУСТРОЯ НКПС, 1930 год
Lп=1.55  Lo=1.00
*
  1.000
 20.000
  0.000
  0.000
  0.000
  0.000
  0.000
118.333
  9.167
109.167
155.000
  1.000
200.000
  0.000
  0.000
200.000
200.000
 10.000
 20.000
 22.000
 20.000
 57.000
 20.000
 58.000
 20.000
 58.000
 35.000
 72.000
365.000
 72.000
380.000
 58.000
380.000
 58.000
380.000
 57.000
380.000
 22.000
  0.000
  0.000
  0.000
  0.000
  0.000
  0.000
  3.000
  0.000
 59.167
118.333
  2.000
 11.000
  2.000
 11.000
  2.000
  6.000
  7.000
 11.000
  1.000
  1.000
 12.000
  0.000
  2.000
  0.000
 22.000
  0.000
 57.000
 20.000
 57.000
 20.000
 57.000
 20.000
 22.000
380.000
 22.000
380.000
 57.000
380.000
 57.000
400.000
 57.000
400.000
 22.000
400.000
  2.000
  2.000
  1.000
 12.000
  0.000
  0.000
400.000
  0.000
  1.000
 15.394
  1.167
 14.167
  4.000
  2.700
  0.000
  2.000
-16.000
134.333
  2.700
 33.866
 14.167
104.166
  2.700
 15.394
  0.000
  1.000
 22
 14
-197.400
-178.600
-159.800
-141.000
-122.200
-103.400
-84.600
-65.800
-47.000
-28.200
 -9.400
  9.400
 28.200
 47.000
 65.800
 84.600
103.400
122.200
141.000
159.800
178.600
197.400
 10
 14
-189.000
-147.000
-105.000
-63.000
-21.000
 21.000
 63.000
105.000
147.000
189.000
  0
