         2
b0_0200.07
*
         1
        18
         0         0         0         0
         0       220        10       210
       260
         1
   182.500
         0
         0
   182.500   182.500
        10
        20        30
        10        65
        10        65
        10        65
        35        80
       330        80
       355        65
       355        65
       355        65
       345        30
         0         0         0         0
         0
         0
         3
         0       110       220
         2        11         2        11
         2         6
         7        11
         1         1
        12
         0         3         0        30         0        65        10        65        10        65        20        30       345        30       355        65       355        65       365        65       365        30       365         3
         2
         1        12
         0         0       365         0
         2
    12.064         0        22     1.400     3.600
    12.064        22        44     1.400     3.600
         1
       231     0.565        22
         3
       -15       235     3.800    48.255
        22       198     3.600    12.064
        44       176     3.600    12.064
         0
         1
6
32
 -180.0 -108.0 -36.0 36.0 108.0 180.0 
6
16
 -180.0 -108.0 -36.0 36.0 108.0 180.0 
6
16
 -90.0 -54.0 -18.0 18.0 54.0 90.0 
