4
Железобетонное пролетное строение под нагрузку 1925 года
Проектная контора ЦУСТРОЯ НКПС, 1930 год
Lп=2.80 м  Lо=2.0 м
*
  1.000
 20.000
  0.000
  0.000
  0.000
  0.000
  0.000
226.667
 13.333
213.333
280.000
  1.000
200.000
  0.000
  0.000
200.000
200.000
 10.000
 20.000
 33.000
 20.000
 68.000
 20.000
 69.000
 20.000
 69.000
 35.000
 83.000
365.000
 83.000
380.000
 69.000
380.000
 69.000
380.000
 68.000
380.000
 33.000
  0.000
  0.000
  0.000
  0.000
  0.000
  0.000
  3.000
  0.000
113.333
226.667
  2.000
 11.000
  2.000
 11.000
  2.000
  6.000
  7.000
 11.000
  1.000
  1.000
 12.000
  0.000
  4.000
  0.000
 33.000
  0.000
 68.000
 20.000
 68.000
 20.000
 68.000
 20.000
 33.000
380.000
 33.000
380.000
 68.000
380.000
 68.000
400.000
 68.000
400.000
 33.000
400.000
  4.000
  2.000
  1.000
 12.000
  0.000
  0.000
400.000
  0.000
  1.000
 25.447
 -3.000
 20.333
  4.000
  2.900
  0.000
  2.000
-25.000
251.333
  2.900
 55.983
 20.333
206.333
  2.900
 25.447
  0.000
  1.000
 22
 18
-197.400
-178.600
-159.800
-141.000
-122.200
-103.400
-84.600
-65.800
-47.000
-28.200
 -9.400
  9.400
 28.200
 47.000
 65.800
 84.600
103.400
122.200
141.000
159.800
178.600
197.400
 10
 18
-189.000
-147.000
-105.000
-63.000
-21.000
 21.000
 63.000
105.000
147.000
189.000
  0
