3
ПЛИТНОЕ ОДНОБЛОЧНОЕ Ж.Б.П.С. 
Lo = 300 см    Lп = 390 см
b0_300.02

         1
        20
         0         0         0         0
         0       330        15       315
         390
         1
       200
         0
         0
       200       200
        10
        20        47        20        82        20        82        20        82        35        97       365        97       380        82       380        82       380        82       380        47
         0         0         0         0
         0



         0

         3
         0   164.833   329.667
         2        11         2        11
         2         6
         7        11
         1         1
        12
         0         4         0        47         0        82        20        82        20        82        20        47       380        47       380        82       380        82       400        82       400        47       400         4
         2
         1        12
         0         0       400         0
         1
    31.416    24.833    59.833         4         4
         0
         2
       -27   356.833         4    87.965
    59.833   269.833         4    31.416
         0
         1
28
20
 -197.1 -182.5 -167.9 -153.3 -138.7 -124.1 -109.5 -94.9 -80.3 -65.7 -51.1 -36.5 -21.9 -7.3 7.3 21.9 36.5 51.1 65.7 80.3 94.9 109.5 124.1 138.7 153.3 167.9 182.5 197.1 
10
20
 -189.0 -147.0 -105.0 -63.0 -21.0 21.0 63.0 105.0 147.0 189.0 
