3
ПЛИТНОЕ ОДНОБЛОЧНОЕ Ж.Б.П.С.
Lo = 460 см    Lп = 550 см
b0_0460.03

         1
        20
         0         0         0         0
         0       487        13       473
        550
         1
       200
         0
         0
       200       200
        10
        20        65        20       100        20       100        20       100        35       115       365       115       380       100       380       100       380       100       380        65
         0         0         0         0
         0



         0

         3
         0   243.333   486.667
         2        11         2        11
         2         6
         7        11
         1         1
        12
         0        10         0        65         0       100        20       100        20       100        20        65       380        65       380       100       380       100       400       100       400        65       400        10
         2
         1        12
         0         0       400         0
         1
    90.478     3.333    53.333         4         4
         0
         2
       -25   511.333         4    95.002
    53.333   433.333         4    90.478
         0
         1
21
24
 -170.0 -153.0 -136.0 -119.0 -102.0 -85.0 -68.0 -51.0 -34.0 -17.0 0.0 17.0 34.0 51.0 68.0 85.0 102.0 119.0 136.0 153.0 170.0 
20
24
 -190.0 -170.0 -150.0 -130.0 -110.0 -90.0 -70.0 -50.0 -30.0 -10.0 10.0 30.0 50.0 70.0 90.0 110.0 130.0 150.0 170.0 190.0 
