2
Пролетные строения под нагрузку 1925 года Lo=300  Lp=390
*
  1.000
 20.000
  0.000
  0.000
  0.000
  0.000
  0.000
330.000
 15.000
315.000
390.000
  3.000
 80.000
200.000
320.000
  0.000
  0.000
200.000
200.000
  1.000
 10.000
 20.000
 49.000
 20.000
 84.000
 20.000
 84.000
 20.000
 84.000
 30.000
 99.000
370.000
 99.000
380.000
 84.000
380.000
 84.000
380.000
 84.000
380.000
 49.000
  0.000
  0.000
  0.000
  0.000
  8.000
  2.000
  2.000
  2.000
  2.000
  2.000
  2.000
  2.000
  2.000
  7.069
  5.498
  7.069
  5.498
  7.069
  3.142
  7.069
  3.142
  3.000
 46.500
 28.750
 46.500
  3.000
 36.500
 28.750
 31.000
 28.750
 46.500
 60.500
 46.500
 28.750
 31.000
 60.500
 25.500
 99.500
 46.500
102.500
 46.500
 99.500
 31.500
102.500
 31.500
102.500
 31.500
140.000
 31.500
102.500
 46.500
140.000
 46.500
  0.000
  3.000
  0.000
165.000
330.000
  2.000
 12.000
  2.000
 11.000
  4.000
  8.000
  1.000
  0.000
 13.000
 57.500
  6.000
 57.500
 23.000
  0.000
 34.000
  0.000
 49.000
  0.000
 84.000
 20.000
 84.000
 20.000
 84.000
 20.000
 49.000
140.000
 49.000
140.000
 29.000
102.500
 29.000
102.500
 29.000
102.500
  6.000
  2.000
  1.000
 13.000
 57.500
  0.000
102.500
  0.000
  1.000
 28.274
  5.000
 35.000
  4.000
 11.000
  1.000
380.000
  3.142
 20.000
  2.000
-25.000
355.000
  4.000
 28.274
 35.000
295.000
 11.000
 28.274
  0.000
  8.000
  2.000
  2.000
  2.000
  2.000
  2.000
  2.000
  2.000
  2.000
  7.069
  3.142
  7.069
  3.142
  7.069
  3.142
  7.069
  3.142
140.000
 31.500
177.500
 31.500
140.000
 46.500
177.500
 46.500
177.500
 46.500
180.500
 46.500
177.500
 31.500
180.500
 31.500
219.500
 46.500
222.500
 46.500
219.500
 31.500
222.500
 31.500
222.500
 31.500
260.000
 31.500
222.500
 46.500
260.000
 46.500
  0.000
  3.000
  0.000
165.000
330.000
  2.000
  9.000
  3.000
  8.000
  0.000
  0.000
 10.000
177.500
  6.000
177.500
 29.000
177.500
 29.000
140.000
 29.000
140.000
 49.000
260.000
 49.000
260.000
 29.000
222.500
 29.000
222.500
 29.000
222.500
  6.000
  2.000
  1.000
 10.000
177.500
  0.000
222.500
  0.000
  1.000
 28.274
  5.000
 35.000
  4.000
 11.000
  1.000
380.000
  3.142
 20.000
  2.000
-25.000
355.000
  4.000
 28.274
 35.000
295.000
 11.000
 28.274
  0.000
  0.000
  0.000
  0.000
  0.000
  8.000
  2.000
  2.000
  2.000
  2.000
  2.000
  2.000
  2.000
  2.000
  7.069
  5.498
  7.069
  5.498
  7.069
  3.142
  7.069
  3.142
397.000
 46.500
371.250
 46.500
397.000
 36.500
371.250
 31.000
371.250
 46.500
339.500
 46.500
371.250
 31.000
339.500
 25.500
300.500
 46.500
297.500
 46.500
300.500
 31.500
297.500
 31.500
297.500
 31.500
260.000
 31.500
297.500
 46.500
260.000
 46.500
  0.000
  3.000
  0.000
165.000
330.000
  2.000
 12.000
  3.000
 12.000
  6.000
 10.000
  0.000
  1.000
 13.000
297.500
  6.000
297.500
 29.000
297.500
 29.000
260.000
 29.000
260.000
 49.000
380.000
 49.000
380.000
 84.000
380.000
 84.000
400.000
 84.000
400.000
 49.000
400.000
 34.000
342.500
 23.000
342.500
  6.000
  2.000
  1.000
 13.000
297.500
  0.000
342.500
  0.000
  1.000
 28.274
  5.000
 35.000
  4.000
 11.000
  1.000
380.000
  3.142
 20.000
  2.000
-25.000
355.000
  4.000
 28.274
 35.000
295.000
 11.000
 28.274
  0.000
  1.000
9
20
 -20.4 -15.3 -10.2 -5.1 0.0 5.1 10.2 15.3 20.4 
9
20
 -20.4 -15.3 -10.2 -5.1 0.0 5.1 10.2 15.3 20.4 
9
10
7
10
9
10
7
10
9
10
4
10
9
10
4
10
9
20
 -20.4 -15.3 -10.2 -5.1 0.0 5.1 10.2 15.3 20.4 
9
20
 -20.4 -15.3 -10.2 -5.1 0.0 5.1 10.2 15.3 20.4 
9
10
7
10
9
10
7
10
9
10
4
10
9
10
4
10
9
20
 -20.4 -15.3 -10.2 -5.1 0.0 5.1 10.2 15.3 20.4 
9
20
 -20.4 -15.3 -10.2 -5.1 0.0 5.1 10.2 15.3 20.4 
9
10
7
10
9
10
7
10
9
10
4
10
9
10
4
10
