3
ТРЕХРЕБРИСТОЕ Ж.Б.П.С. ПОД НАГРУЗКУ 1925 £.
Lo = 500 бђ     Lѓ = 590 бђ
b3_0500.04
  1.000
 25.000
  0.000
  0.000
  0.000
  0.000
  0.000
530.000
 15.000
515.000
590.000
  3.000
 80.000
200.000
320.000
  0.000
  0.000
200.000
200.000
  0.000
  6.000
 20.000
 77.000
 20.000
112.000
 68.000
127.000
332.000
127.000
380.000
112.000
380.000
 77.000
  0.000
  0.000
  0.000
  0.000
  4.000
  2.000
  4.000
  2.000
  3.000
  3.020
  1.010
  2.010
  3.020
  3.000
 74.000
140.000
 74.000
  3.000
 74.000
100.000
 74.000
115.000
 55.000
140.000
 55.000
 90.000
 55.000
140.000
 55.000
  3.000
 73.000
 80.000
 42.000
108.000
 56.000
  0.000
  3.000
  0.000
260.500
521.000
  2.000
 10.000
  2.000
 10.000
  4.000
  7.000
  1.000
  0.000
 11.000
 55.000
  15.000
 55.000
 52.000
  0.000
 62.000
  0.000
 77.000
  0.000
112.000
 20.000
112.000
 20.000
 77.000
140.000
 77.000
140.000
 52.000
105.000
 52.000
105.000
  15.000
  2.000
  1.000
 11.000
 53.000
  4
107.000
  4
  1.000
 28.270
-15.000
 41.000
  4.000
  8.000
  1.000
580.000
  0.500
 20.000
  2.000
-22.000
557.000
  4.000
 28.270
 41.000
489.000
  8.000
 28.270
  0.000
  4.000
  2.000
  4.000
  4.000
  2.000
  2.010
  1.010
  1.010
  2.010
140.000
 74.000
260.000
 74.000
140.000
 55.000
165.000
 55.000
180.000
 74.000
260.000
 74.000
140.000
 74.000
220.000
 74.000
235.000
 55.000
260.000
 55.000
140.000
 55.000
260.000
 55.000
  0.000
  3.000
  0.000
260.500
521.000
  2.000
  7.000
  2.000
  7.000
  0.000
  0.000
  8.000
175.000
  15
175.000
 52.000
140.000
 52.000
140.000
 77.000
260.000
 77.000
260.000
 52.000
225.000
 52.000
225.000
  15
  2.000
  1.000
  8.000
173.000
  4
227.000
  4
  1.000
 28.270
-15.000
 41.000
  4.000
  8.000
  1.000
580.000
  0.500
 20.000
  2.000
-22.000
557.000
  4.000
 28.270
 41.000
489.000
  8.000
 28.270
  0.000
  0.000
  0.000
  0.000
  0.000
  4.000
  2.000
  4.000
  2.000
  3.000
  3.020
  1.010
  2.010
  3.020
260.000
 74.000
397.000
 74.000
260.000
 55.000
285.000
 55.000
300.000
 74.000
397.000
 74.000
260.000
 55.000
310.000
 55.000
292.000
 56.000
320.000
 42.000
397.000
 73.000
  0.000
  3.000
  0.000
260.500
521.000
  2.000
 10.000
  2.000
 10.000
  5.000
  8.000
  0.000
  1.000
 11.000
295.000
  15
295.000
 52.000
260.000
 52.000
260.000
 77.000
380.000
 77.000
380.000
112.000
400.000
112.000
400.000
 77.000
400.000
 62.000
345.000
 52.000
345.000
  15
  2.000
  1.000
 11.000
293.000
  4
347.000
  4
  1.000
 28.270
-15.000
 41.000
  4.000
  8.000
  1.000
580.000
  0.500
 20.000
  2.000
-22.000
557.000
  4.000
 28.270
 41.000
489.000
  8.000
 28.270
  0.000
  1.000
9
20
 -22.8 -18.6 -12.4 -6.2 0.0 6.2 12.4 18.6 22.8 
9
20
 -22.8 -18.6 -12.4 -6.2 0.0 6.2 12.4 18.6 22.8 
6
8
2
8
4
8
6
8
9
20
 -22.8 -18.6 -12.4 -6.2 0.0 6.2 12.4 18.6 22.8 
9
20
 -22.8 -18.6 -12.4 -6.2 0.0 6.2 12.4 18.6 22.8 
6
8
2
8
4
8
6
8
9
20
 -22.8 -18.6 -12.4 -6.2 0.0 6.2 12.4 18.6 22.8 
9
20
 -22.8 -18.6 -12.4 -6.2 0.0 6.2 12.4 18.6 22.8 
6
8
2
8
4
8
6
8
