3
ТРЕХРЕБРИСТОЕ Ж.Б.П.С. ПОД НАГРУЗКУ 1925 г.
Lo = 400 cм    Lп = 490 см
b3_0400.04
  1.000
 28.000
  0.000
  0.000
  0.000
  0.000
  0.000
430.000
 15.000
415.000
490.000
  3.000
 80.000
200.000
320.000
  0.000
  0.000
195.000
195.000
  0.000
  6.000
 20.000
 61.000
 20.000
 96.000
 62.000
111.000
338.000
111.000
380.000
 96.000
380.000
 61.000
  0.000
  0.000
  0.000
  0.000
  4.000
  2.000
  4.000
  2.000
  3.000
  4.710
  1.570
  3.140
  4.710
  3.000
 59.000
140.000
 59.000
  3.000
 59.000
100.000
 59.000
115.000
 39.000
140.000
 39.000
 90.000
 39.000
140.000
 39.000
  3.000
 58.000
 80.000
 31.000
106.000
 40.000
  0.000
  3.000
  0.000
215.000
430.000
  2.000
 10.000
  2.000
 10.000
  4.000
  7.000
  1.000
  0.000
 11.000
 56.000
  8.000
 56.000
 36.000
  0.000
 46.000
  0.000
 61.000
  0.000
 96.000
 20.000
 96.000
 20.000
 61.000
140.000
 61.000
140.000
 36.000
104.000
 36.000
104.000
  8.000
  2.000
  1.000
 11.000
 56.000
  0.000
104.000
  0.000
  1.000
 25.520
-15.000
 31.000
  4.000
  8.000
  1.000
455.000
  3.000
 35.000
  2.000
-22.000
452.000
  4.000
 25.520
 31.000
399.000
  8.000
 25.520
  0.000
  4.000
  2.000
  4.000
  4.000
  2.000
  3.140
  1.570
  1.570
  3.140
140.000
 59.000
260.000
 59.000
140.000
 39.000
165.000
 39.000
180.000
 59.000
260.000
 59.000
140.000
 59.000
220.000
 59.000
235.000
 39.000
260.000
 39.000
140.000
 39.000
260.000
 39.000
  0.000
  3.000
  0.000
215.000
430.000
  2.000
  7.000
  2.000
  7.000
  0.000
  0.000
  8.000
176.000
  8.000
176.000
 36.000
140.000
 36.000
140.000
 61.000
260.000
 61.000
260.000
 36.000
224.000
 36.000
224.000
  8.000
  2.000
  1.000
  8.000
176.000
  0.000
224.000
  0.000
  1.000
 25.520
-15.000
 31.000
  4.000
  8.000
  1.000
455.000
  3.000
 35.000
  2.000
-22.000
452.000
  4.000
 25.520
 31.000
399.000
  8.000
 25.520
  0.000
  0.000
  0.000
  0.000
  0.000
  4.000
  2.000
  4.000
  2.000
  3.000
  4.710
  1.570
  3.140
  4.710
260.000
 59.000
397.000
 59.000
260.000
 39.000
285.000
 39.000
300.000
 59.000
397.000
 59.000
260.000
 39.000
310.000
 39.000
294.000
 40.000
320.000
 33.000
397.000
 58.000
  0.000
  3.000
  0.000
215.000
430.000
  2.000
 10.000
  2.000
 10.000
  5.000
  8.000
  0.000
  1.000
 11.000
296.000
  8.000
296.000
 36.000
260.000
 36.000
260.000
 61.000
380.000
 61.000
380.000
 96.000
400.000
 96.000
400.000
 61.000
400.000
 46.000
344.000
 36.000
344.000
  8.000
  2.000
  1.000
 11.000
296.000
  0.000
344.000
  0.000
  1.000
 25.520
-15.000
 31.000
  4.000
  8.000
  1.000
455.000
  3.000
 35.000
  2.000
-22.000
452.000
  4.000
 25.520
 31.000
399.000
  8.000
 25.520
  0.000
  1.000
10
18
 -20.3 -15.8 -11.3 -6.8 -2.3 2.3 6.8 11.3 15.8 20.3 
10
18
 -20.3 -15.8 -11.3 -6.8 -2.3 2.3 6.8 11.3 15.8 20.3 
6
10
2
10
4
10
6
10
10
18
 -20.3 -15.8 -11.3 -6.8 -2.3 2.3 6.8 11.3 15.8 20.3 
10
18
 -20.3 -15.8 -11.3 -6.8 -2.3 2.3 6.8 11.3 15.8 20.3 
6
10
2
10
4
10
6
10
10
18
 -20.3 -15.8 -11.3 -6.8 -2.3 2.3 6.8 11.3 15.8 20.3 
10
18
 -20.3 -15.8 -11.3 -6.8 -2.3 2.3 6.8 11.3 15.8 20.3 
6
10
2
10
4
10
6
10
