3
ТРЕХРЕБРИСТОЕ Ж.Б.П.С. ПОД НАГРУЗКУ 1925 £.
Lo = 600 бђ      Lѓ = 690 бђ
b3_0600.04
  1.000
 30.000
  0.000
  0.000
  0.000
  0.000
  0.000
630.000
 15.000
615.000
690.000
  3.000
126.000
246.000
366.000
  0.000
  1.000
246.000
246.000
  0.000
  6.000
 20.000
 88.000
 20.000
123.000
 62.000
138.000
430.000
138.000
472.000
123.000
472.000
 88
  0.000
  0.000
  0.000
  0.000
  5.000
  2.000
  4.000
  2.000
  2.000
  3.000
  3.140
  1.570
  1.570
  3.140
  4.710
  3.000
 85.000
186.000
 85
  3.000
 85
152.000
 85
162.000
 66
186.000
 66
  3.000
 85
186.000
 85
156.000
 66
186.000
 66
  3.000
 77
136.000
 62
158.000
 67
  0.000
  3.000
  0.000
311.000
622.000
  2.000
 10.000
  2.000
 10.000
  4.000
  7.000
  1.000
  0.000
 11.000
 100
  10
 100
 63.000
  0.000
73.000
  0.000
88.000
  0.000
123.000
 20.000
123.000
 20.000
88.000
186.000
88.000
186.000
 63.000
152.000
63.000
152.000
  10
  2.000
  1.000
 11.000
 96.000
  0.000
156.000
  0.000
  1.000
 45.240
-21.000
 23.000
  4.000
  8.000
  1.000
665.000
  3.000
 35.000
  2.000
-21.000
657.000
  4.000
 45.240
 23.000
617.000
  8.000
 45.240
  0.000
  4.000
  2.000
  4.000
  4.000
  2.000
  3.140
  1.570
  1.570
  3.140
186.000
85.000
306.000
85.000
186.000
 66.000
210.000
 66.000
220.000
 85.000
306.000
 85.000
186.000
 85.000
272.000
 85.000
282.000
 66.000
306.000
 66.000
186.000
 66.000
306.000
 66.000
  0.000
  3.000
  0.000
311.000
622.000
  2.000
  7.000
  2.000
  7.000
  0.000
  0.000
  8.000
220.000
10
220
63
186.000
 63
186.000
 88
306.000
 88
306.000
 63
272.000
 63
272.000
  10
  2.000
  1.000
  8.000
216.000
  0.000
276.000
  0.000
  1.000
 45.240
-21.000
 23.000
  4.000
  8.000
  1.000
665.000
  3.000
 35.000
  2.000
-21.000
657.000
  4.000
 45.240
 23.000
617.000
  8.000
 45.240
  0.000
  0.000
  0.000
  0.000
  0.000
  4.000
  2.000
  4.000
  2.000
  3.000
  4.710
  1.570
  3.140
  4.710
306.000
 85
489.000
 85
306.000
 66
330.000
 66
340.000
 85
489.000
 85
306.000
 66
340.000
 66
334.000
 67
356.000
 62
489.000
 78
  0.000
  3.000
  0.000
311.000
622.000
  2.000
 10.000
  2.000
 10.000
  5.000
  8.000
  0.000
  1.000
 11.000
340.000
  10
340
 63
306.000
 63
306.000
 88
472.000
 88
472.000
123
492.000
123
492.000
 88
492.000
 73
392.000
 63
392.000
  10
  2.000
  1.000
 11.000
336.000
  0.000
396.000
  0.000
  1.000
 45.240
-21.000
 23.000
  4.000
  8.000
  1.000
665.000
  3.000
 35.000
  2.000
-21.000
657.000
  4.000
 45.240
 23.000
617.000
  8.000
 45.240
  0.000
  1.000
10
24
 -20 -17 -15.5 -9.3 -3.1 3.1 9.3 15.5 17 20 
10
24
 -20 -17 -15.5 -9.3 -3.1 3.1 9.3 15.5 17 20
4
10
2
10
2
10
4
10
6
10
10
24
 -20 -17 -15.5 -9.3 -3.1 3.1 9.3 15.5 17 20
10
24
 -20 -17 -15.5 -9.3 -3.1 3.1 9.3 15.5 17 20
4
10
2
10
2
10
4
10
10
24
 -20 -17 -15.5 -9.3 -3.1 3.1 9.3 15.5 17 20
10
24
 -20 -17 -15.5 -9.3 -3.1 3.1 9.3 15.5 17 20
4
10
2
10
2
10
4
10
