4
Железобетонное ПС индивидуальной проектировки Lо=4.27 м Lп=5.27 м Lp=4.61 m
разработано применительно к инв. 7175 Лентрансмостпроекта, 1938 г.
по Н8 1931г.
*
  1.000
 20.000
  0.000
  0.000
  0.000
  0.000
  0.000
460.333
 16.667
443.667
527.000
  1.000
285.000
  0.000
  0.000
285.000
285.000
 10.000
 20.000
 80.000
 20.000
105.000
 20.000
105.000
 20.000
105.000
 55.000
125.000
515.000
125.000
550.000
105.000
550.000
105.000
550.000
105.000
550.000
 80.000
  0.000
  0.000
  0.000
  0.000
  0.000
  0.000
  3.000
  0.000
230.167
460.333
  2.000
 11.000
  2.000
 11.000
  2.000
  6.000
  7.000
 11.000
  1.000
  1.000
 12.000
  0.000
 10.000
  0.000
 80.000
  0.000
105.000
 20.000
105.000
 20.000
105.000
 20.000
 80.000
550.000
 80.000
550.000
105.000
550.000
105.000
570.000
105.000
570.000
 80.000
570.000
 10.000
  2.000
  1.000
 12.000
  0.000
  0.000
570.000
  0.000
  4.000
 29.452
-17.000
 43.667
  4.500
  4.500
 24.544
 27.667
 88.667
  4.500
  4.500
 19.635
 74.667
135.667
  4.500
  4.500
 14.726
129.667
190.667
  4.500
  4.500
  1.000
520.000
 10.053
 20.000
  5.000
-30.000
490.333
  4.500
 63.814
 43.667
416.666
  4.500
 29.452
 88.667
371.666
  4.500
 24.544
135.667
324.666
  4.500
 19.635
190.667
269.666
  4.500
 14.726
  1.000
-30.000
490.333
  4.500
  8.639
  1.000
13
25
 -282.6 -235.5 -188.4 -141.3 -94.2 -47.1 0.0 47.1 94.2 141.3 188.4 235.5 282.6 
6
25
 -260.0 -165.0 -55.0 55.0 165.0 260.0 
5
25
 -240.0 -140.0 0.0 140.0 240.0 
4
25
 -220.0 -90.0 90.0 220.0 
3
25
 -260.0 0.0 260.0 
11
10
 -283.0 -226.4 -169.8 -113.2 -56.6 0.0 56.6 113.2 169.8 226.4 283.0 
