3
Индивидуальная проектировка к инв. 0473, доп 1952 год
Lo=600 см  Lp=730см
*
  1.000
 30.000
  0.000
  0.000
  1.000
  0.000
  0.000
643.333
 21.667
621.667
730.000
  2.000
122.500
277.500
  0.000
  0.000
200.000
200.000
  0.000
 10.000
 20.000
 70.000
 20.000
105.000
 20.000
105.000
 20.000
105.000
 30.000
120.000
370.000
120.000
380.000
105.000
380.000
105.000
380.000
105.000
380.000
 70.000
  0.000
  0.000
  0.000
  0.000
  6.000
  2.000
  2.000
  2.000
  2.000
  2.000
  2.000
  9.048
  2.513
  5.655
  6.786
  9.048
  2.513
  3.000
 67.500
 93.000
 67.500
  3.000
 57.500
 93.000
 42.500
182.000
 52.500
152.000
 42.500
182.000
 67.500
152.000
 67.500
182.000
 52.500
200.000
 52.500
182.000
 67.500
200.000
 67.500
  0.000
  3.000
  0.000
321.667
643.333
  2.000
 13.000
  3.000
 12.000
  5.000
  9.000
  1.000
  0.000
 14.000
 90.000
  0.000
 90.000
 40.000
  0.000
 55.000
  0.000
 55.000
  0.000
 70.000
  0.000
105.000
 20.000
105.000
 20.000
105.000
 20.000
 70.000
200.000
 70.000
200.000
 50.000
185.000
 50.000
155.000
 40.000
155.000
  0.000
  0.000
  5.000
 14.137
-38.000
  9.667
 17.700
  4.300
 28.274
  4.667
 59.667
  5.200
  9.800
 28.274
 74.667
129.667
  5.200
  9.800
 14.137
149.667
199.667
  4.700
 15.300
 14.137
219.667
269.667
  4.700
 15.300
  1.000
720.000
  3.016
 20.000
  6.000
-38.000
681.333
  4.300
 42.412
  9.667
633.666
  4.300
 14.137
 59.667
583.666
  9.800
 28.274
129.667
513.666
  9.800
 28.274
199.667
443.666
 15.300
 14.137
269.667
373.666
 15.300
 14.137
  1.000
-38.000
681.333
  5.000
  4.524
  0.000
  0.000
  0.000
  0.000
  6.000
  2.000
  2.000
  2.000
  2.000
  2.000
  2.000
  9.048
  2.513
  5.655
  6.786
  9.048
  2.513
307.000
 67.500
397.000
 67.500
307.000
 42.500
397.000
 57.500
218.000
 52.500
248.000
 42.500
218.000
 67.500
248.000
 67.500
200.000
 52.500
218.000
 52.500
200.000
 67.500
218.000
 67.500
  0.000
  3.000
  0.000
321.667
643.333
  2.000
 13.000
  3.000
 12.000
  6.000
 10.000
  0.000
  1.000
 14.000
245.000
  0.000
245.000
 40.000
215.000
 50.000
200.000
 50.000
200.000
 70.000
380.000
 70.000
380.000
105.000
380.000
105.000
400.000
105.000
400.000
 70.000
400.000
 55.000
400.000
 55.000
310.000
 40.000
310.000
  0.000
  0.000
  5.000
 14.137
-38.000
  9.667
 17.700
  4.300
 28.274
  4.667
 59.667
  5.200
  9.800
 28.274
 74.667
129.667
  5.200
  9.800
 14.137
149.667
199.667
  4.700
 15.300
 14.137
219.667
269.667
  4.700
 15.300
  1.000
720.000
  3.016
 20.000
  6.000
-38.000
681.333
  4.300
 42.412
  9.667
633.666
  4.300
 14.137
 59.667
583.666
  9.800
 28.274
129.667
513.666
  9.800
 28.274
199.667
443.666
 15.300
 14.137
269.667
373.666
 15.300
 14.137
  1.000
-38.000
681.333
  5.000
  4.524
  1.000
6
30
 -30.5 -18.3 -6.1 6.1 18.3 30.5 
2
30
 -25.0 25.0 
4
30
 -30.0 -10.0 10.0 30.0 
4
30
 -15.0 -5.0 5.0 15.0 
2
30
 -30.5 30.5 
2
30
 -15.3 15.3 
4
12
 -30.4 -10.2 10.2 30.4 
8
12
5
8
5
12
6
12
8
12
5
8
6
30
 -30.5 -18.3 -6.1 6.1 18.3 30.5 
2
30
 -25.0 25.0 
4
30
 -30.0 -10.0 10.0 30.0 
4
30
 -15.0 -5.0 5.0 15.0 
2
30
 -30.5 30.5 
2
30
 -15.3 15.3 
4
12
 -30.4 -10.2 10.2 30.4 
8
12
5
8
5
12
6
12
8
12
5
8
