3
1Железобетонное пролетное строение под Н8  Lp=1350 Lo=1200
1выполнено применительно к тнв.2891  Лентрансмостпроект 1948, доп. 1952г.
1только с постоянной толщиной стенки ребра
  1.000
 30.000
  1.000
  0.000
  1.000
  0.000
  0.000
1250.000
 25.000
1225.000
1350.000
  2.000
110.000
290.000
  0.000
  0.000
200.000
200.000
  0.000
 10.000
 15.000
170.000
 10.000
205.000
 10.000
205.000
 10.000
205.000
 20.000
220.000
380.000
220.000
390.000
205.000
390.000
205.000
390.000
205.000
385.000
170.000
  0.000
  0.000
  0.000
  0.000
  6.000
  2.000
  2.000
  2.000
  2.000
  2.000
  2.000
 11.310
  3.927
 10.179
  4.524
 11.310
  3.927
  3.000
167.500
 93.000
167.500
  3.000
157.500
 93.000
146.500
149.500
154.500
127.000
144.500
149.500
167.500
127.000
167.500
149.500
154.500
200.000
154.500
149.500
167.500
200.000
167.500
  0.000
  3.000
  0.000
625.000
1250.000
  2.000
 13.000
  3.000
 12.000
  5.000
  9.000
  1.000
  0.000
 14.000
 90.000
  0.000
 90.000
144.000
  0.000
155.000
  0.000
155.000
  0.000
170.000
  0.000
205.000
 10.000
205.000
 10.000
205.000
 15.000
170.000
200.000
170.000
200.000
152.000
152.500
152.000
130.000
142.000
130.000
  0.000
  0.000
  8.000
 21.237
-45.000
-10.000
124.600
 10.400
 10.619
-45.000
 25.000
 83.700
 16.300
 21.237
-45.000
100.000
 14.600
 10.400
 21.237
129.000
270.000
  6.800
 22.200
 10.619
233.000
380.000
  6.700
 16.300
 10.619
231.000
374.000
  4.800
 22.200
 10.619
342.000
485.000
  4.800
 22.200
 10.619
467.000
605.000
  6.500
 25.500
  1.000
1340.000
  2.011
 20.000
 10.000
-45.000
1295.000
  4.500
 42.474
-10.000
1260.000
 10.400
 21.237
 25.000
1225.000
 16.300
 10.619
100.000
1150.000
 10.400
 21.237
175.000
1075.000
 16.300
 21.237
270.000
980.000
 22.200
 21.237
380.000
870.000
 16.300
 10.619
374.000
876.000
 22.200
 10.619
485.000
765.000
 22.200
 10.619
605.000
645.000
 25.500
 10.619
  1.000
-45.000
1295.000
  6.500
  4.524
  0.000
  0.000
  0.000
  0.000
  6.000
  2.000
  2.000
  2.000
  2.000
  2.000
  2.000
 11.310
  3.927
 10.179
  4.524
 11.310
  3.927
307.000
167.500
397.000
167.500
307.000
146.500
397.000
157.500
250.500
154.500
273.000
144.500
250.500
167.500
273.000
167.500
200.000
154.500
250.500
154.500
200.000
167.500
250.500
167.500
  0.000
  3.000
  0.000
625.000
1250.000
  2.000
 13.000
  3.000
 12.000
  6.000
 10.000
  0.000
  1.000
 14.000
270.000
  0.000
270.000
142.000
247.500
152.000
200.000
152.000
200.000
170.000
385.000
170.000
390.000
205.000
390.000
205.000
400.000
205.000
400.000
170.000
400.000
155.000
400.000
155.000
310.000
144.000
310.000
  0.000
  0.000
  8.000
 21.237
-45.000
-10.000
124.600
 10.400
 10.619
-45.000
 25.000
 83.700
 16.300
 21.237
-45.000
100.000
 14.600
 10.400
 21.237
129.000
270.000
  6.800
 22.200
 10.619
233.000
380.000
  6.700
 16.300
 10.619
231.000
374.000
  4.800
 22.200
 10.619
342.000
485.000
  4.800
 22.200
 10.619
467.000
605.000
  6.500
 25.500
  1.000
1340.000
  2.011
 20.000
 10.000
-45.000
1295.000
  4.500
 42.474
-10.000
1260.000
 10.400
 21.237
 25.000
1225.000
 16.300
 10.619
100.000
1150.000
 10.400
 21.237
175.000
1075.000
 16.300
 21.237
270.000
980.000
 22.200
 21.237
380.000
870.000
 16.300
 10.619
374.000
876.000
 22.200
 10.619
485.000
765.000
 22.200
 10.619
605.000
645.000
 25.500
 10.619
  1.000
-45.000
1295.000
  6.500
  4.524
  1.000
8
26
 -17.9 -12.8 -7.7 -2.5 2.5 7.7 12.8 17.9 
4
26
 -18.0 -6.0 6.0 18.0 
2
26
 -6.0 6.0 
4
26
 -9.0 -3.0 3.0 9.0 
4
26
 -18.0 -6.0 6.0 18.0 
4
26
 -18.0 -6.0 6.0 18.0 
2
26
 -12.0 12.0 
2
26
 -12.0 12.0 
2
26
 -6.0 6.0 
2
26
 -18.0 18.0 
4
12
 -18.0 -6.0 6.0 18.0 
10
12
5
10
9
12
4
12
10
12
5
10
8
26
 -17.9 -12.8 -7.7 -2.5 2.5 7.7 12.8 17.9 
4
26
 -18.0 -6.0 6.0 18.0 
2
26
 -6.0 6.0 
4
26
 -9.0 -3.0 3.0 9.0 
4
26
 -18.0 -6.0 6.0 18.0 
4
26
 -18.0 -6.0 6.0 18.0 
2
26
 -12.0 12.0 
2
26
 -12.0 12.0 
2
26
 -6.0 6.0 
2
26
 -18.0 18.0 
4
12
 -18.0 -6.0 6.0 18.0 
10
12
5
10
9
12
4
12
10
12
5
10
