3
Четырехребристе двухблочное ПС изготовлено применительно к 6503
Лентрансмостпроекиа 1954 года, Красный проспект  3 км Ново-ск-Локоть
*
  1.000
 40.000
  1.000
  0.000
  1.000
  0.000
  0.000
1330.000
 25.000
1305.000
1430.000
  4.000
138.000
231.500
282.500
376.000
  0.000
  0.000
257.000
257.000
  1.000
 10.000
 79.000
190.000
 72.000
225.000
 72.000
225.000
 72.000
225.000
107.000
240.000
407.000
240.000
442.000
225.000
442.000
225.000
442.000
225.000
435.000
190.000
  0.000
  0.000
  0.000
  0.000
  8.000
  2.000
  2.000
  2.000
  2.000
  2.000
  2.000
  2.000
  2.000
  7.697
  3.927
  7.697
  3.927
  7.697
  3.927
  7.697
  4.618
 60.000
187.500
 90.750
187.500
 60.000
175.500
 90.750
172.500
 90.750
187.500
140.500
187.500
 90.750
172.500
140.500
169.500
148.500
187.500
168.000
187.500
148.500
177.500
168.000
177.500
168.000
177.500
184.500
177.500
168.000
187.500
184.500
187.500
  0.000
  3.000
  0.000
665.000
1330.000
  4.000
 14.000
  4.000
 14.000
  11.000
 6.000
  1.000
  0.000
 15.000
124.500
  0.000
124.500
167.000
124.500
167.000
124.500
167.000
 57.000
173.000
 57.000
210.000
  0.000
215.000
  0.000
225.000
 72.000
225.000
 72.000
225.000
 79.000
190.000
184.500
190.000
184.500
175.000
151.500
175.000
151.500
  0.000
  3.000
  2.000
  3.000
  4.000
124.500
 32.000
139.500
 40.000
139.500
167.000
  8.000
 12.315
-45.000
-13.000
150.100
  7.900
 18.473
-45.000
 52.000
 77.500
 15.500
 18.473
-44.000
101.000
 26.700
 18.300
 12.315
 27.000
195.000
  6.500
 15.500
  6.158
143.000
300.000
  7.100
 25.900
 12.315
248.000
413.000
  6.700
 18.300
  6.158
370.000
528.000
  6.100
 25.900
  6.158
487.000
642.000
  6.300
 28.700
  1.000
1416.000
  1.005
 12.000
  9.000
-45.000
1375.000
  5.100
 18.473
-13.000
1343.000
  7.900
 12.315
 52.000
1278.000
 15.500
 18.473
101.000
1229.000
 18.300
 18.473
195.000
1135.000
 15.500
 12.315
300.000
1030.000
 25.900
  6.158
413.000
917.000
 18.300
 12.315
528.000
802.000
 25.900
  6.158
642.000
688.000
 28.700
  6.158
  1.000
-45.000
1375.000
  6.500
  6.786
  6.000
  2.000
  2.000
  2.000
  2.000
  2.000
  2.000
  7.697
  4.618
  7.697
  3.927
  7.697
  3.927
184.500
177.500
201.000
177.500
184.500
187.500
201.000
187.500
201.000
187.500
220.500
187.500
201.000
177.500
220.500
177.500
227.000
187.500
254.000
187.500
227.000
172.000
254.000
180.500
  0.000
  3.000
  0.000
665.000
1330.000
  2.000
  7.000
  2.000
  7.000
  0.000
  1.000
 10.000
217.500
  0.000
217.500
175.000
184.500
175.000
184.500
190.000
257.000
190.000
257.000
178.000
245.000
169.000
245.000
169.000
245.000
169.000
245.000
  0.000
  3.000
  7.000
  8.000
  9.000
229.500
167.000
229.500
 40.000
245.000
 32.000
  8.000
 12.315
-45.000
-13.000
150.100
  7.900
 18.473
-45.000
 52.000
 77.500
 15.500
 18.473
-44.000
101.000
 26.700
 18.300
 12.315
 27.000
195.000
  6.500
 15.500
  6.158
143.000
300.000
  7.100
 25.900
 12.315
248.000
413.000
  6.700
 18.300
  6.158
370.000
528.000
  6.100
 25.900
  6.158
487.000
642.000
  6.300
 28.700
  1.000
1416.000
  1.005
 12.000
  9.000
-45.000
1375.000
  5.100
 18.473
-13.000
1343.000
  7.900
 12.315
 52.000
1278.000
 15.500
 18.473
101.000
1229.000
 18.300
 18.473
195.000
1135.000
 15.500
 12.315
300.000
1030.000
 25.900
  6.158
413.000
917.000
 18.300
 12.315
528.000
802.000
 25.900
  6.158
642.000
688.000
 28.700
  6.158
  1.000
-45.000
1375.000
  6.500
  6.786
  6.000
  2.000
  2.000
  2.000
  2.000
  2.000
  2.000
  7.697
  4.618
  7.697
  3.927
  7.697
  3.927
312.500
177.500
329.000
177.500
312.500
187.500
329.000
187.500
293.000
187.500
312.500
187.500
293.000
177.500
312.500
177.500
260.000
187.500
287.000
187.500
260.000
180.500
287.000
172.000
  0.000
  3.000
  0.000
665.000
1330.000
  4.000
  9.000
  4.000
  9.000
  1.000
  0.000
 10.000
269.000
  0.000
269.000
169.000
269.000
169.000
269.000
169.000
257.000
178.000
257.000
190.000
329.000
190.000
329.000
175.000
296.000
175.000
296.000
  0.000
  3.000
  2.000
  3.000
  4.000
269.000
 32.000
284.500
 40.000
284.500
167.000
  8.000
 12.315
-45.000
-13.000
150.100
  7.900
 18.473
-45.000
 52.000
 77.500
 15.500
 18.473
-44.000
101.000
 26.700
 18.300
 12.315
 27.000
195.000
  6.500
 15.500
  6.158
143.000
300.000
  7.100
 25.900
 12.315
248.000
413.000
  6.700
 18.300
  6.158
370.000
528.000
  6.100
 25.900
  6.158
487.000
642.000
  6.300
 28.700
  1.000
1416.000
  1.005
 12.000
  9.000
-45.000
1375.000
  5.100
 18.473
-13.000
1343.000
  7.900
 12.315
 52.000
1278.000
 15.500
 18.473
101.000
1229.000
 18.300
 18.473
195.000
1135.000
 15.500
 12.315
300.000
1030.000
 25.900
  6.158
413.000
917.000
 18.300
 12.315
528.000
802.000
 25.900
  6.158
642.000
688.000
 28.700
  6.158
  1.000
-45.000
1375.000
  6.500
  6.786
  0.000
  0.000
  0.000
  0.000
  8.000
  2.000
  2.000
  2.000
  2.000
  2.000
  2.000
  2.000
  2.000
  7.697
  3.927
  7.697
  3.927
  7.697
  3.927
  7.697
  4.618
423.250
187.500
454.000
187.500
423.250
172.500
454.000
175.500
372.500
187.500
423.250
187.500
372.000
169.500
423.250
172.500
346.000
187.500
365.500
187.500
346.000
177.500
365.500
177.500
329.500
177.500
346.000
177.500
329.500
187.500
346.000
187.500
  0.000
  3.000
  0.000
665.000
1330.000
  2.000
 12.000
  2.000
 12.000
  5.000
 10.000
  0.000
  1.000
 15.000
362.500
  0.000
362.500
175.000
329.500
175.000
329.500
190.000
435.000
190.000
442.000
225.000
442.000
225.000
514.000
225.000
514.000
215.000
457.000
210.000
457.000
173.000
389.500
167.000
389.500
167.000
389.500
167.000
389.500
  0.000
  3.000
 12.000
 13.000
 14.000
374.500
167.000
374.500
 40.000
389.500
 32.000
  8.000
 12.315
-45.000
-13.000
150.100
  7.900
 18.473
-45.000
 52.000
 77.500
 15.500
 18.473
-44.000
101.000
 26.700
 18.300
 12.315
 27.000
195.000
  6.500
 15.500
  6.158
143.000
300.000
  7.100
 25.900
 12.315
248.000
413.000
  6.700
 18.300
  6.158
370.000
528.000
  6.100
 25.900
  6.158
487.000
642.000
  6.300
 28.700
  1.000
1416.000
  1.005
 12.000
  9.000
-45.000
1375.000
  5.100
 18.473
-13.000
1343.000
  7.900
 12.315
 52.000
1278.000
 15.500
 18.473
101.000
1229.000
 18.300
 18.473
195.000
1135.000
 15.500
 12.315
300.000
1030.000
 25.900
  6.158
413.000
917.000
 18.300
 12.315
528.000
802.000
 25.900
  6.158
642.000
688.000
 28.700
  6.158
  1.000
-45.000
1375.000
  6.500
  6.786
  1.000
3
28
 -11.5 0.0 11.5 
2
28
 -11.5 11.5 
3
28
 -11.5 0.0 11.5 
3
28
 -11.5 0.0 11.5 
2
28
 -5.8 5.8 
1
28
 -5.0 
2
28
 -5.8 5.8 
1
28
 5.0 
1
28
 0.0 
6
12
 -11.5 -6.9 -2.3 2.3 6.9 11.5 
5
14
5
10
5
14
5
10
5
14
5
10
5
14
3
14
3
28
 -11.5 0.0 11.5 
2
28
 -11.5 11.5 
3
28
 -11.5 0.0 11.5 
3
28
 -11.5 0.0 11.5 
2
28
 -5.8 5.8 
1
28
 -5.0 
2
28
 -5.8 5.8 
1
28
 5.0 
1
28
 0.0 
6
12
 -11.5 -6.9 -2.3 2.3 6.9 11.5 
5
14
5
10
5
14
5
10
5
14
5
10
3
28
 -11.5 0.0 11.5 
2
28
 -11.5 11.5 
3
28
 -11.5 0.0 11.5 
3
28
 -11.5 0.0 11.5 
2
28
 -5.8 5.8 
1
28
 -5.0 
2
28
 -5.8 5.8 
1
28
 5.0 
1
28
 0.0 
6
12
 -11.5 -6.9 -2.3 2.3 6.9 11.5 
5
14
5
10
5
14
5
10
5
14
5
10
3
28
 -11.5 0.0 11.5 
2
28
 -11.5 11.5 
3
28
 -11.5 0.0 11.5 
3
28
 -11.5 0.0 11.5 
2
28
 -5.8 5.8 
1
28
 -5.0 
2
28
 -5.8 5.8 
1
28
 5.0 
1
28
 0.0 
6
12
 -11.5 -6.9 -2.3 2.3 6.9 11.5 
5
14
5
10
5
14
5
10
5
14
5
10
5
14
3
14
