3
ПЛИТНОЕ  ДВУХБЛОЧНОЕ  Ж.Б.П.С.  ПОД  НАГРУЗКУ  Н8 - 1931 г.  Инв. N 2076
Lo = 300 см.    Lп = 400 см.
N0_0300.31
  1.000
 20.000
  0.000
  0.000
  0.000
  0.000
  0.000
333.333
 16.667
316.667
400.000
  2.000
100.000
300.000
  0.000
  0.000
200.000
200.000
  0.000
 10.000
 16.000
 35.000
 10.000
 70.000
 10.000
 70.000
 10.000
 70.000
 40.000
 85.000
360.000
 85.000
390.000
 70.000
390.000
 70.000
390.000
 70.000
384.000
 35.000
  0.000
  0.000
  0.000
  0.000
  0.000
  0.000
  3.000
  0.000
166.667
333.333
  2.000
  7.000
  2.000
  7.000
  2.000
  6.000
  1.000
  1.000
  8.000
  0.000
  0.000
  0.000
 35.000
  0.000
 70.000
 10.000
 70.000
 10.000
 70.000
 16.000
 35.000
200.000
 35.000
200.000
  0.000
  0.000
  6.000
 14.176
-14.000
 12.667
  4.000
  4.000
 11.341
  8.667
 35.667
  4.000
  4.000
 11.341
 31.667
 58.667
  4.000
  4.000
  8.506
 54.667
 81.667
  4.000
  4.000
  8.506
 77.667
104.667
  4.000
  4.000
  8.506
107.667
134.667
  4.000
  4.000
  1.000
380.000
  8.042
 20.000
  7.000
-29.000
362.333
  4.000
 34.023
 12.667
320.666
  4.000
 14.176
 35.667
297.666
  4.000
 11.341
 58.667
274.666
  4.000
 11.341
 81.667
251.666
  4.000
  8.506
104.667
228.666
  4.000
  8.506
134.667
198.666
  4.000
  8.506
  1.000
-29.000
362.333
  4.000
  7.069
  0.000
  0.000
  0.000
  0.000
  0.000
  0.000
  3.000
  0.000
166.667
333.333
  2.000
  7.000
  2.000
  7.000
  3.000
  7.000
  1.000
  1.000
  8.000
200.000
  0.000
200.000
 35.000
384.000
 35.000
390.000
 70.000
390.000
 70.000
400.000
 70.000
400.000
 35.000
400.000
  0.000
  0.000
  6.000
 14.176
-14.000
 12.667
  4.000
  4.000
 11.341
  8.667
 35.667
  4.000
  4.000
 11.341
 31.667
 58.667
  4.000
  4.000
  8.506
 54.667
 81.667
  4.000
  4.000
  8.506
 77.667
104.667
  4.000
  4.000
  8.506
107.667
134.667
  4.000
  4.000
  1.000
380.000
  8.042
 20.000
  7.000
-29.000
362.333
  4.000
 34.023
 12.667
320.666
  4.000
 14.176
 35.667
297.666
  4.000
 11.341
 58.667
274.666
  4.000
 11.341
 81.667
251.666
  4.000
  8.506
104.667
228.666
  4.000
  8.506
134.667
198.666
  4.000
  8.506
  1.000
-29.000
362.333
  4.000
  7.069
  1.000
12
19
 -97.9 -80.1 -62.3 -44.5 -26.7 -8.9 8.9 26.7 44.5 62.3 80.1 97.9 
5
19
 -94.0 -47.0 0.0 47.0 94.0 
4
19
 -91.0 -30.4 30.4 91.0 
4
19
 -87.0 -29.0 29.0 87.0 
3
19
 85.0 -85.0 -20.0 
3
19
 82.0 -82.0 20.0 
3
19
 79.0 -79.0 15.0 
9
10
 -98.0 -73.5 -49.0 -24.5 0.0 24.5 49.0 73.5 98.0 
12
19
 -97.9 -80.1 -62.3 -44.5 -26.7 -8.9 8.9 26.7 44.5 62.3 80.1 97.9 
5
19
 -94.0 -47.0 0.0 47.0 94.0 
4
19
 -91.0 -30.4 30.4 91.0 
4
19
 -87.0 -29.0 29.0 87.0 
3
19
 85.0 -85.0 -20.0 
3
19
 82.0 -82.0 20.0 
3
19
 79.0 -79.0 15.0 
9
10
 -98.0 -73.5 -49.0 -24.5 0.0 24.5 49.0 73.5 98.0 
