3
èãàíçéÖ  Ü.Å.è.ë.  èéÑ  çÄÉêìáäì  H8 - 1931 £.  à≠¢. N 7214
Lo = 107 ·¨.    LØ = 173 ·¨.
N0_0107.18
  1.000
 20.000
  0.000
  0.000
  0.000
  0.000
  0.000
129.000
 11.000
118.000
173.000
  1.000
200.000
  0.000
  0.000
200.000
200.000
 10.000
 25.000
 25.000
 20.000
 60.000
 20.000
 60.000
 20.000
 60.000
 40.000
 75.000
360.000
 75.000
380.000
 60.000
380.000
 60.000
380.000
 60.000
375.000
 25.000
  0.000
  0.000
  0.000
  0.000
  0.000
  0.000
  3.000
  0.000
 64.500
129.000
  2.000
 11.000
  2.000
 11.000
  2.000
  6.000
  7.000
 11.000
  1.000
  1.000
 12.000
  0.000
  0.000
  0.000
 25.000
  0.000
 60.000
 20.000
 60.000
 20.000
 60.000
 25.000
 25.000
375.000
 25.000
380.000
 60.000
380.000
 60.000
400.000
 60.000
400.000
 25.000
400.000
  0.000
  0.000
  2.000
 20.106
 -5.000
 13.000
  2.800
  3.800
 20.106
 12.000
 30.000
  2.800
  3.800
  1.000
165.000
  9.048
 15.000
  3.000
-19.000
148.000
  3.800
 32.170
 13.000
116.000
  3.800
 20.106
 30.000
 99.000
  3.800
 20.106
  1.000
-19.000
148.000
  2.800
  7.854
  1.000
16
16
 -195.0 -169.0 -143.0 -117.0 -91.0 -65.0 -39.0 -13.0 13.0 39.0 65.0 91.0 117.0 143.0 169.0 195.0 
10
16
 -198.0 -154.0 -110.0 -66.0 -22.0 22.0 66.0 110.0 154.0 198.0 
10
16
 -193.5 -150.5 -107.5 -64.5 -21.5 21.5 64.5 107.5 150.5 193.5 
10
10
 -198.0 -154.0 -110.0 -66.0 -22.0 22.0 66.0 110.0 154.0 198.0 
