3
ПЛИТНОЕ  ЧЕТЫРЕХБЛОЧНОЕ  Ж.Б.П.С.  ПОД  НАГРУЗКУ  Н8  Инв.  N 0206
Lo = 300 см.    Lп = 400 см.
N0_0300.24
  1.000
 20.000
  0.000
  0.000
  0.000
  0.000
  0.000
333.333
 16.667
316.667
400.000
  4.000
 45.000
145.000
255.000
355.000
  0.000
  0.000
200.000
200.000
  0.000
 10.000
 15.000
 45.000
 10.000
 80.000
 10.000
 80.000
 10.000
 80.000
 40.000
 95.000
360.000
 95.000
390.000
 80.000
390.000
 80.000
390.000
 80.000
385.000
 45.000
  0.000
  0.000
  0.000
  0.000
  0.000
  0.000
  3.000
  0.000
166.667
333.333
  2.000
  7.000
  2.000
  7.000
  2.000
  6.000
  1.000
  1.000
  8.000
  0.000
  0.000
  0.000
 45.000
  0.000
 80.000
 10.000
 80.000
 10.000
 80.000
 15.000
 45.000
 90.000
 45.000
 90.000
  0.000
  0.000
  3.000
  5.671
-20.000
 16.667
  4.000
  4.000
  5.671
  9.667
 46.667
  4.000
  4.000
  5.671
 39.667
 76.667
  4.000
  4.000
  1.000
375.000
  4.021
 25.000
  4.000
-30.000
363.333
  4.000
 11.341
 16.667
316.666
  4.000
  5.671
 46.667
286.666
  4.000
  5.671
 76.667
256.666
  4.000
  5.671
  1.000
-30.000
363.333
  4.000
  3.142
  0.000
  0.000
  3.000
  0.000
166.667
333.333
  2.000
  3.000
  2.000
  3.000
  1.000
  1.000
  4.000
 90.000
  0.000
 90.000
 45.000
200.000
 45.000
200.000
  0.000
  0.000
  4.000
  8.506
-10.000
 26.667
  4.000
  4.000
  8.506
 14.667
 51.667
  4.000
  4.000
  5.671
 44.667
 81.667
  4.000
  4.000
  5.671
 74.667
111.667
  4.000
  4.000
  1.000
375.000
  5.027
 25.000
  5.000
-30.000
363.333
  4.000
 19.847
 26.667
306.666
  4.000
  8.506
 51.667
281.666
  4.000
  8.506
 81.667
251.666
  4.000
  5.671
111.667
221.666
  4.000
  5.671
  1.000
-30.000
363.333
  4.000
  4.712
  0.000
  0.000
  3.000
  0.000
166.667
333.333
  2.000
  3.000
  2.000
  3.000
  1.000
  1.000
  4.000
200.000
  0.000
200.000
 45.000
310.000
 45.000
310.000
  0.000
  0.000
  4.000
  8.506
-10.000
 26.667
  4.000
  4.000
  8.506
 14.667
 51.667
  4.000
  4.000
  5.671
 44.667
 81.667
  4.000
  4.000
  5.671
 74.667
111.667
  4.000
  4.000
  1.000
375.000
  5.027
 25.000
  5.000
-30.000
363.333
  4.000
 19.847
 26.667
306.666
  4.000
  8.506
 51.667
281.666
  4.000
  8.506
 81.667
251.666
  4.000
  5.671
111.667
221.666
  4.000
  5.671
  1.000
-30.000
363.333
  4.000
  4.712
  0.000
  0.000
  0.000
  0.000
  0.000
  0.000
  3.000
  0.000
166.667
333.333
  2.000
  7.000
  2.000
  7.000
  3.000
  7.000
  1.000
  1.000
  8.000
310.000
  0.000
310.000
 45.000
385.000
 45.000
390.000
 80.000
390.000
 80.000
400.000
 80.000
400.000
 45.000
400.000
  0.000
  0.000
  3.000
  5.671
-20.000
 16.667
  4.000
  4.000
  5.671
  9.667
 46.667
  4.000
  4.000
  5.671
 39.667
 76.667
  4.000
  4.000
  1.000
375.000
  4.021
 25.000
  4.000
-30.000
363.333
  4.000
 11.341
 16.667
316.666
  4.000
  5.671
 46.667
286.666
  4.000
  5.671
 76.667
256.666
  4.000
  5.671
  1.000
-30.000
363.333
  4.000
  3.142
  1.000
4
19
 -42.9 -14.3 14.3 42.9 
2
19
 -35.0 35.0 
2
19
 -25.0 25.0 
2
19
 -15.0 15.0 
4
10
 -42.9 -14.3 14.3 42.9 
4
19
 -42.9 -14.3 14.3 42.9 
2
19
 -35.0 35.0 
2
19
 -25.0 25.0 
2
19
 -15.0 15.0 
2
32
 -35.5 35.5 
4
10
 -42.9 -14.3 14.3 42.9 
4
19
 -42.9 -14.3 14.3 42.9 
2
19
 -35.0 35.0 
2
19
 -25.0 25.0 
2
19
 -15.0 15.0 
2
32
 -35.5 35.5 
4
10
 -42.9 -14.3 14.3 42.9 
4
19
 -42.9 -14.3 14.3 42.9 
2
19
 -35.0 35.0 
2
19
 -25.0 25.0 
2
19
 -15.0 15.0 
4
10
 -42.9 -14.3 14.3 42.9 
