4
Типовой проект Лентрансмостпроект, 1945г под нагрузку 1931г-Н7
Инв.ь2076 . Проектная прочность М200, арматура гладкая.
Полная длина 4.86м, пролет в свету  4.0м. 
*
  1.000
 20.000
  0.000
  0.000
  0.000
  0.000
  0.000
428.667
 14.333
414.333
486.000
  1.000
205.000
  0.000
  0.000
205.000
205.000
 10.000
 20.000
 45.000
 20.000
 92.000
 20.000
 93.000
 20.000
 93.000
 50.000
 95.000
360.000
 95.000
390.000
 93.000
390.000
 93.000
390.000
 92.000
390.000
 45.000
  0.000
  0.000
  0.000
  0.000
  0.000
  0.000
  3.000
  0.000
214.333
428.667
  2.000
 11.000
  2.000
 11.000
  2.000
  6.000
  7.000
 11.000
  1.000
  1.000
 12.000
  0.000
  0.000
  0.000
 45.000
  0.000
 93.000
 20.000
 93.000
 20.000
 92.000
 20.000
 45.000
390.000
 45.000
390.000
 92.000
390.000
 93.000
410.000
 93.000
410.000
 45.000
410.000
  0.000
  0.000
  6.000
 45.616
-17.000
 19.833
  4.000
  4.000
 30.411
  9.833
 46.833
  4.000
  4.000
 30.411
 36.833
 73.833
  4.000
  4.000
 22.808
 63.833
100.833
  4.000
  4.000
 22.808
 90.833
127.833
  4.000
  4.000
 22.808
117.833
154.833
  4.000
  4.000
  1.000
480.000
  9.048
 20.000
  7.000
-24.000
452.667
  4.000
 87.431
 19.833
408.834
  4.000
 45.616
 46.833
381.834
  4.000
 30.411
 73.833
354.834
  4.000
 30.411
100.833
327.834
  4.000
 22.808
127.833
300.834
  4.000
 22.808
154.833
273.834
  4.000
 22.808
  0.000
  1.000
23
22
 -202.4 -184.0 -165.6 -147.2 -128.8 -110.4 -92.0 -73.6 -55.2 -36.8 -18.4 0.0 18.4 36.8 55.2 73.6 92.0 110.4 128.8 147.2 165.6 184.0 202.4 
12
22
 -198.0 -162.0 -126.0 -90.0 -54.0 -18.0 18.0 54.0 90.0 126.0 162.0 198.0 
8
22
 -192.5 -137.5 -82.5 -27.5 27.5 82.5 137.5 192.5 
8
22
 -185.5 -132.5 -79.5 -26.5 26.5 79.5 132.5 185.5 
6
22
 -175.0 -105.0 -35.0 35.0 105.0 175.0 
6
22
 -162.5 -97.5 -32.5 32.5 97.5 162.5 
6
22
 -150.0 -90.0 -30.0 30.0 90.0 150.0 
