3
èãàíçéÖ  ÑÇìïÅãéóçéÖ Ü.Å.è.ë.  èéÑ  çÄÉêìáäì  ç8 - 1931 £.  à≠¢. N 2076
Lo = 213 ·¨.    LØ = 310 ·¨.
N0_0213.31
  1.000
 20.000
  0.000
  0.000
  0.000
  0.000
  0.000
245.333
 16.167
229.167
310.000
  2.000
100.000
300.000
  0.000
  0.000
200.000
200.000
  0.000
 10.000
 16.000
 30.000
 10.000
 65.000
 10.000
 65.000
 10.000
 65.000
 40.000
 80.000
360.000
 80.000
390.000
 65.000
390.000
 65.000
390.000
 65.000
384.000
 30.000
  0.000
  0.000
  0.000
  0.000
  0.000
  0.000
  3.000
  0.000
122.667
245.333
  2.000
  7.000
  2.000
  7.000
  2.000
  6.000
  1.000
  1.000
  8.000
  0.000
  0.000
  0.000
 30.000
  0.000
 65.000
 10.000
 65.000
 10.000
 65.000
 16.000
 30.000
200.000
 30.000
200.000
  0.000
  0.000
  5.000
 12.064
-15.000
  7.667
  3.800
  3.800
 12.064
  5.167
 27.667
  3.800
  3.800
  8.042
 25.167
 47.667
  3.800
  3.800
  8.042
 50.167
 72.667
  3.800
  3.800
  6.032
 75.167
 97.667
  3.800
  3.800
  1.000
300.000
  4.524
 20.000
  6.000
-28.000
273.667
  3.800
 22.117
  7.667
237.667
  3.800
 12.064
 27.667
217.667
  3.800
 12.064
 47.667
197.667
  3.800
  8.042
 72.667
172.667
  3.800
  8.042
 97.667
147.667
  3.800
  6.032
  1.000
-28.000
273.667
  3.800
  7.069
  0.000
  0.000
  0.000
  0.000
  0.000
  0.000
  3.000
  0.000
122.667
245.333
  2.000
  7.000
  2.000
  7.000
  3.000
  7.000
  1.000
  1.000
  8.000
200.000
  0.000
200.000
 30.000
384.000
 30.000
390.000
 65.000
390.000
 65.000
400.000
 65.000
400.000
 30.000
400.000
  0.000
  0.000
  5.000
 12.064
-15.000
  7.667
  3.800
  3.800
 12.064
  5.167
 27.667
  3.800
  3.800
  8.042
 25.167
 47.667
  3.800
  3.800
  8.042
 50.167
 72.667
  3.800
  3.800
  6.032
 75.167
 97.667
  3.800
  3.800
  1.000
300.000
  4.524
 20.000
  6.000
-28.000
273.667
  3.800
 22.117
  7.667
237.667
  3.800
 12.064
 27.667
217.667
  3.800
 12.064
 47.667
197.667
  3.800
  8.042
 72.667
172.667
  3.800
  8.042
 97.667
147.667
  3.800
  6.032
  1.000
-28.000
273.667
  3.800
  7.069
  1.000
11
16
 -98.0 -78.4 -58.8 -39.2 -19.6 0.0 19.6 39.2 58.8 78.4 98.0 
6
16
 -95.0 -57.0 -19.0 19.0 57.0 95.0 
6
16
 -90.0 -54.0 -18.0 18.0 54.0 90.0 
4
16
 -82.5 -27.5 27.5 82.5 
4
16
 -75.0 -25.0 25.0 75.0 
3
16
 70.0 -70.0 35.0 
9
10
 -98.0 -73.5 -49.0 -24.5 0.0 24.5 49.0 73.5 98.0 
11
16
 -98.0 -78.4 -58.8 -39.2 -19.6 0.0 19.6 39.2 58.8 78.4 98.0 
6
16
 -95.0 -57.0 -19.0 19.0 57.0 95.0 
6
16
 -90.0 -54.0 -18.0 18.0 54.0 90.0 
4
16
 -82.5 -27.5 27.5 82.5 
4
16
 -75.0 -25.0 25.0 75.0 
3
16
 70.0 -70.0 35.0 
9
10
 -98.0 -73.5 -49.0 -24.5 0.0 24.5 49.0 73.5 98.0 
