3
ПЛИТНОЕ  Ж.Б.П.С.  ПОД  НАГРУЗКУ  Н8 - 1931 г.  Инв. N 2077
Lo = 300 см.    Lп = 400 см.
N0_0300.34
  1.000
 20.000
  0.000
  0.000
  0.000
  0.000
  0.000
333.333
 16.667
316.667
400.000
  1.000
200.000
  0.000
  0.000
200.000
200.000
 10.000
 15.000
 35.000
 10.000
 70.000
 10.000
 70.000
 10.000
 70.000
 40.000
 85.000
360.000
 85.000
390.000
 70.000
390.000
 70.000
390.000
 70.000
385.000
 35.000
  0.000
  0.000
  0.000
  0.000
  0.000
  0.000
  3.000
  0.000
166.667
333.333
  2.000
 11.000
  2.000
 11.000
  2.000
  6.000
  7.000
 11.000
  1.000
  1.000
 12.000
  0.000
  0.000
  0.000
 35.000
  0.000
 70.000
 10.000
 70.000
 10.000
 70.000
 15.000
 35.000
385.000
 35.000
390.000
 70.000
390.000
 70.000
400.000
 70.000
400.000
 35.000
400.000
  0.000
  0.000
  6.000
 28.353
-10.000
 16.667
  4.000
  4.000
 22.682
  9.667
 36.667
  4.000
  4.000
 22.682
 39.667
 66.667
  4.000
  4.000
 17.012
 69.667
 96.667
  4.000
  4.000
 17.012
 89.667
116.667
  4.000
  4.000
 17.012
109.667
136.667
  4.000
  4.000
  1.000
380.000
  9.613
 20.000
  7.000
-30.000
363.333
  4.000
 70.882
 16.667
316.666
  4.000
 28.353
 36.667
296.666
  4.000
 22.682
 66.667
266.666
  4.000
 22.682
 96.667
236.666
  4.000
 17.012
116.667
216.666
  4.000
 17.012
136.667
196.666
  4.000
 17.012
  1.000
-30.000
363.333
  4.000
 14.923
  1.000
25
19
 -198.0 -181.5 -165.0 -148.5 -132.0 -115.5 -99.0 -82.5 -66.0 -49.5 -33.0 -16.5 0.0 16.5 33.0 49.5 66.0 82.5 99.0 115.5 132.0 148.5 165.0 181.5 198.0 
10
19
 -193.5 -150.5 -107.5 -64.5 -21.5 21.5 64.5 107.5 150.5 193.5 
8
19
 -196.0 -140.0 -84.0 -28.0 28.0 84.0 140.0 196.0 
8
19
 -189.0 -135.0 -81.0 -27.0 27.0 81.0 135.0 189.0 
6
19
 -185.0 -111.0 -37.0 37.0 111.0 185.0 
6
19
 -182.5 -109.5 -36.5 36.5 109.5 182.5 
6
19
 -177.5 -106.5 -35.5 35.5 106.5 177.5 
19
10
 -198.0 -176.0 -154.0 -132.0 -110.0 -88.0 -66.0 -44.0 -22.0 0.0 22.0 44.0 66.0 88.0 110.0 132.0 154.0 176.0 198.0 
