3
ПЛИТНОЕ  ТРЕХБЛОЧНОЕ  Ж.Б.П.С.   ПОД  НАГРУЗКУ  Н8  Инв.  N 0206
Lo = 200 см.   Lп = 280 см.
N0_0200.24
  1.000
 20.000
  0.000
  0.000
  0.000
  0.000
  0.000
226.667
 13.333
213.333
280.000
  3.000
 65.000
200.000
335.000
  0.000
  0.000
200.000
200.000
  0.000
 10.000
 15.000
 35.000
 10.000
 70.000
 10.000
 70.000
 10.000
 70.000
 40.000
 85.000
360.000
 85.000
390.000
 70.000
390.000
 70.000
390.000
 70.000
385.000
 35.000
  0.000
  0.000
  0.000
  0.000
  0.000
  0.000
  3.000
  0.000
113.333
226.667
  2.000
  7.000
  2.000
  7.000
  2.000
  6.000
  1.000
  1.000
  8.000
  0.000
  0.000
  0.000
 35.000
  0.000
 70.000
 10.000
 70.000
 10.000
 70.000
 15.000
 35.000
130.000
 35.000
130.000
  0.000
  0.000
  3.000
  8.506
 -4.000
 23.333
  4.000
  4.000
  5.671
 21.333
 48.333
  4.000
  4.000
  5.671
 46.333
 73.333
  4.000
  4.000
  1.000
260.000
  4.020
 20.000
  4.000
-24.000
250.667
  4.000
 14.180
 23.333
203.334
  4.000
  8.506
 48.333
178.334
  4.000
  5.671
 73.333
153.334
  4.000
  5.671
  1.000
-24.000
250.667
  4.000
  3.930
  0.000
  0.000
  3.000
  0.000
113.333
226.667
  2.000
  3.000
  2.000
  3.000
  1.000
  1.000
  4.000
130.000
  0.000
130.000
 35.000
270.000
 35.000
270.000
  0.000
  0.000
  4.000
  8.506
 -4.000
 23.333
  4.000
  4.000
  8.506
 16.333
 43.333
  4.000
  4.000
  5.671
 41.333
 68.333
  4.000
  4.000
  5.671
 66.333
 93.333
  4.000
  4.000
  1.000
260.000
  5.027
 20.000
  5.000
-24.000
250.667
  4.000
 19.847
 23.333
203.334
  4.000
  8.506
 43.333
183.334
  4.000
  8.506
 68.333
158.334
  4.000
  5.671
 93.333
133.334
  4.000
  5.671
  1.000
-24.000
250.667
  4.000
  4.712
  0.000
  0.000
  0.000
  0.000
  0.000
  0.000
  3.000
  0.000
113.333
226.667
  2.000
  7.000
  2.000
  7.000
  3.000
  7.000
  1.000
  1.000
  8.000
270.000
  0.000
270.000
 35.000
385.000
 35.000
390.000
 70.000
390.000
 70.000
400.000
 70.000
400.000
 35.000
400.000
  0.000
  0.000
  3.000
  8.506
 -4.000
 23.333
  4.000
  4.000
  5.671
 21.333
 48.333
  4.000
  4.000
  5.671
 46.333
 73.333
  4.000
  4.000
  1.000
260.000
  4.020
 20.000
  4.000
-24.000
250.667
  4.000
 14.180
 23.333
203.334
  4.000
  8.506
 48.333
178.334
  4.000
  5.671
 73.333
153.334
  4.000
  5.671
  1.000
-24.000
250.667
  4.000
  3.930
  1.000
  5.000
 19.000
-63.000
-31.500
  0.000
 31.500
 63.000
  3.000
 19.000
-50.000
  0.000
 50.000
  2.000
 19.000
-37.500
 37.500
  2.000
 19.000
-25.000
 25.000
  5.000
 10.000
-63.000
-31.500
  0.000
 31.500
 63.000
  5.000
 19.000
-63.000
-31.500
  0.000
 31.500
 63.000
  3.000
 19.000
-50.000
  0.000
 50.000
  2.000
 19.000
-37.500
 37.500
  2.000
 19.000
-25.000
 25.000
  2.000
 32.000
-35.500
 35.500
  5.000
 10.000
-63.000
-31.500
  0.000
 31.500
 63.000
  5.000
 19.000
-63.000
-31.500
  0.000
 31.500
 63.000
  3.000
 19.000
-50.000
  0.000
 50.000
  2.000
 19.000
-37.500
 37.500
  2.000
 19.000
-25.000
 25.000
  5.000
 10.000
-63.000
-31.500
  0.000
 31.500
 63.000
