3
èãàíçéÖ  Ü.Å.è.ë.  èéÑ  çÄÉêìáäì  ç8 - 1931 £.  à≠¢. N 7214
Lo = 160 ·¨.   LØ = 220 ·¨.
N0_0160.18
  1.000
 20.000
  0.000
  0.000
  0.000
  0.000
  0.000
180.000
 10.000
170.000
220.000
  1.000
200.000
  0.000
  0.000
200.000
200.000
 10.000
 25.000
 30.000
 20.000
 65.000
 20.000
 65.000
 20.000
 65.000
 40.000
 80.000
360.000
 80.000
380.000
 65.000
380.000
 65.000
380.000
 65.000
375.000
 30.000
  0.000
  0.000
  0.000
  0.000
  0.000
  0.000
  3.000
  0.000
 90.000
180.000
  2.000
 11.000
  2.000
 11.000
  2.000
  6.000
  7.000
 11.000
  1.000
  1.000
 12.000
  0.000
  0.000
  0.000
 30.000
  0.000
 65.000
 20.000
 65.000
 20.000
 65.000
 25.000
 30.000
375.000
 30.000
380.000
 65.000
380.000
 65.000
400.000
 65.000
400.000
 30.000
400.000
  0.000
  0.000
  2.000
 28.149
 -6.000
 17.000
  2.800
  3.800
 24.127
 17.000
 40.000
  2.800
  3.800
  1.000
200.000
 17.090
 20.000
  3.000
-17.000
197.000
  3.800
 36.191
 17.000
163.000
  3.800
 28.149
 40.000
140.000
  3.800
 24.127
  1.000
-17.000
197.000
  2.800
 14.137
  1.000
18
16
 -187.0 -165.0 -143.0 -121.0 -99.0 -77.0 -55.0 -33.0 -11.0 11.0 33.0 55.0 77.0 99.0 121.0 143.0 165.0 187.0 
14
16
 -188.5 -159.5 -130.5 -101.5 -72.5 -43.5 -14.5 14.5 43.5 72.5 101.5 130.5 159.5 188.5 
12
16
 -198.0 -162.0 -126.0 -90.0 -54.0 -18.0 18.0 54.0 90.0 126.0 162.0 198.0 
18
10
 -197.2 -174.0 -150.8 -127.6 -104.4 -81.2 -58.0 -34.8 -11.6 11.6 34.8 58.0 81.2 104.4 127.6 150.8 174.0 197.2 
