3
ПЛИТНОЕ  Ж.Б.П.С.  ПОД  НАГРУЗКУ  Н7 - 1931г.
Lo = 200 см.    Lп = 280 см.
n1_0200.08
  1.000
 20.000
  0.000
  0.000
  0.000
  0.000
  0.000
226.667
 13.333
213.333
280.000
  1.000
192.500
  0.000
  0.000
192.500
192.500
 10.000
 20.000
 33.000
 20.000
 68.000
 20.000
 68.000
 20.000
 68.000
 40.000
 83.000
345.000
 83.000
365.000
 68.000
365.000
 68.000
365.000
 68.000
365.000
 33.000
  0.000
  0.000
  0.000
  0.000
  2.000
  6.000
  2.000
  2.011
  8.273
  3.000
 20.000
  3.000
 20.000
 72.500
 11.000
312.500
 11.000
382.000
 20.000
382.000
 20.000
  3.000
 30.000
382.000
 30.000
  0.000
  3.000
  0.000
113.333
226.667
  2.000
 19.000
  3.000
 18.000
  5.000
 10.000
 11.000
 16.000
  1.000
  1.000
 20.000
 72.500
  0.000
 72.500
  8.000
  0.000
 17.000
  0.000
 17.000
  0.000
 33.000
  0.000
 68.000
  0.000
 68.000
 20.000
 68.000
 20.000
 68.000
 20.000
 33.000
365.000
 33.000
365.000
 68.000
365.000
 68.000
385.000
 68.000
385.000
 68.000
385.000
 33.000
385.000
 17.000
385.000
 17.000
312.500
  8.000
312.500
  0.000
  0.000
  1.000
 28.149
  2.933
 28.333
  3.800
  3.800
  0.000
  2.000
-19.000
245.667
  3.800
 28.149
 28.333
198.334
  3.800
 28.149
  0.000
  1.000
14
16
 -117.0 -99.0 -81.0 -63.0 -45.0 -27.0 -9.0 9.0 27.0 45.0 63.0 81.0 99.0 117.0 
14
16
 -104.0 -88.0 -72.0 -56.0 -40.0 -24.0 -8.0 8.0 24.0 40.0 56.0 72.0 88.0 104.0 
4
8
7
12
