3
ПЛИТНОЕ  Ж.Б.П.С.  ПОД  НАГРУЗКУ  Н8 - 1931 г.  Инв. N 2272  
Lo = 213 см.     Lп = 290 см.
n1_0213.36
  1.000
 20.000
  0.000
  0.000
  0.000
  0.000
  0.000
238.000
 13.000
225.000
290.000
  1.000
200.000
  0.000
  0.000
200.000
200.000
  6.000
 20.000
 35.000
 10.000
 65.000
 40.000
 85.000
360.000
 85.000
390.000
 65.000
380.000
 35.000
  0.000
  0.000
  0.000
  0.000
  8.000
  2.000
  3.000
  3.000
  2.000
  2.000
  3.000
  3.000
  2.000
  5.650
  2.260
  3.390
  5.650
  5.650
  2.260
  3.390
  5.650
  8.000
 32.400
 63.000
 32.400
 30.000
 23.600
 39.000
 32.400
 63.000
 32.400
 45.000
 22.500
 55.000
 32.400
 63.000
 32.400
  9.000
 25.600
 63.000
 21.000
337.000
 32.400
392.000
 32.400
337.000
 32.400
361.000
 32.400
370.000
 23.600
337.000
 32.400
345.000
 32.400
355.000
 22.500
337.000
 21.000
391.000
 25.600
  0.000
  3.000
  0.000
119.000
238.000
  2.000
 13.000
  2.000
 13.000
  4.000
  7.000
  8.000
 11.000
  1.000
  1.000
 14.000
 60.000
  0.000
 58.000
 19.000
  6.000
 23.000
  4.000
 35.000
  0.000
 65.000
 10.000
 65.000
 20.000
 35.000
380.000
 35.000
390.000
 65.000
400.000
 65.000
396.000
 35.000
394.000
 23.000
342.000
 19.000
340.000
  0.000
  0.000
  6.000
 12.560
-22.000
  1.000
  8.000
  4.000
 25.120
 -6.000
 21.000
  4.000
  4.000
 18.840
 14.000
 41.000
  4.000
  4.000
 18.840
 37.000
 64.000
  4.000
  4.000
 12.560
 64.000
 91.000
  4.000
  4.000
 12.560
 87.000
114.000
  4.000
  4.000
  1.000
280.000
 10.000
 20.000
  7.000
-22.000
260.000
  4.000
 47.100
  1.000
237.000
  4.000
 12.560
 21.000
217.000
  4.000
 25.120
 41.000
197.000
  4.000
 18.840
 64.000
174.000
  4.000
 18.840
 91.000
147.000
  4.000
 12.560
114.000
124.000
  4.000
 12.560
  0.000
  1.000
15
20
 -136.5 -117.0 -97.5 -78.0 -58.5 -39.0 -19.5 0.0 19.5 39.0 58.5 78.0 97.5 117.0 136.5 
4
20
 -132.0 -44.0 44.0 132.0 
8
20
 -122.5 -87.5 -52.5 -17.5 17.5 52.5 87.5 122.5 
6
20
 -75.0 -45.0 -15.0 15.0 45.0 75.0 
6
20
 -125.0 -75.0 -25.0 25.0 75.0 125.0 
4
20
 -60.0 -20.0 20.0 60.0 
4
20
 -22.5 -7.5 7.5 22.5 
5
12
2
12
3
12
5
12
5
12
2
12
3
12
5
12
