3
ПЛИТНОЕ  Ж.Б.П.С.  ПОД  НАГРУЗКУ  Н7 - 1931 г.
Lo = 400 см.   Lп = 490 см.
n1_0400.08
  1.000
 20.000
  0.000
  0.000
  0.000
  0.000
  0.000
430.000
 15.000
415.000
490.000
  1.000
192.500
  0.000
  0.000
192.500
192.500
 10.000
 20.000
 53.000
 20.000
 88.000
 20.000
 88.000
 20.000
 88.000
 40.000
103.000
345.000
103.000
365.000
 88.000
365.000
 88.000
365.000
 88.000
365.000
 53.000
  0.000
  0.000
  0.000
  0.000
  2.000
  6.000
  2.000
  2.011
  8.273
  3.000
 40.000
  3.000
 40.000
 72.500
 31.000
312.500
 31.000
382.000
 40.000
382.000
 40.000
  3.000
 50.000
382.000
 50.000
  0.000
  3.000
  0.000
215.000
430.000
  2.000
 19.000
  3.000
 18.000
  5.000
 10.000
 11.000
 16.000
  1.000
  1.000
 20.000
 72.500
  0.000
 72.500
 28.000
  0.000
 37.000
  0.000
 37.000
  0.000
 53.000
  0.000
 88.000
  0.000
 88.000
 20.000
 88.000
 20.000
 88.000
 20.000
 53.000
365.000
 53.000
365.000
 88.000
365.000
 88.000
385.000
 88.000
385.000
 88.000
385.000
 53.000
385.000
 37.000
385.000
 37.000
312.500
 28.000
312.500
  0.000
  0.000
  3.000
 31.416
-17.000
 26.100
  5.500
  4.000
 18.850
 26.100
 71.100
  4.000
  4.000
 12.566
 96.100
141.100
  4.000
  4.000
  1.000
442.000
  8.042
 65.000
  4.000
-21.000
451.000
  4.000
 59.690
 26.100
403.900
  4.000
 31.416
 71.100
358.900
  4.000
 18.850
141.100
288.900
  4.000
 12.566
  0.000
  1.000
19
20
 -117.0 -104.0 -91.0 -78.0 -65.0 -52.0 -39.0 -26.0 -13.0 0.0 13.0 26.0 39.0 52.0 65.0 78.0 91.0 104.0 117.0 
10
20
 -112.5 -87.5 -62.5 -37.5 -12.5 12.5 37.5 62.5 87.5 112.5 
6
20
 -100.0 -60.0 -20.0 20.0 60.0 100.0 
4
20
 -105.0 -35.0 35.0 105.0 
4
8
7
12
