3
ПЛИТНОЕ  Ж.Б.П.С.  ПОД  НАГРУЗКУ  Н8 - 1931 г.  Инв. N 0474
Lo = 300 см.   Lп = 360 см.
n1_0300.29
  1.000
 30.000
  1.000
  0.000
  0.000
  0.000
  0.000
320.000
 10.000
310.000
360.000
  1.000
200.000
  0.000
  0.000
200.000
200.000
  6.000
 15.000
 32.000
 10.000
 59.000
 40.000
 82.000
360.000
 82.000
390.000
 59.000
385.000
 32.000
  0.000
  0.000
  0.000
  0.000
  2.000
  2.000
  2.000
  5.650
  2.500
  3.000
 29.000
397.000
 29.000
  3.000
 14.000
397.000
 14.000
  0.000
  3.000
  0.000
160.000
320.000
  2.000
 13.000
  2.000
 13.000
  4.000
  7.000
  8.000
 11.000
  1.000
  1.000
 14.000
 50.000
  5.000
 50.000
 12.000
  0.000
 12.000
  0.000
 32.000
  0.000
 59.000
 10.000
 59.000
 15.000
 32.000
385.000
 32.000
390.000
 59.000
400.000
 59.000
400.000
 32.000
400.000
 12.000
350.000
 12.000
350.000
  5.000
  2.000
  1.000
 14.000
 50.000
  0.000
350.000
  0.000
  6.000
 21.980
  1.000
 20.000
  4.200
  4.200
 21.980
 21.000
 40.000
  4.200
  4.200
 21.980
 41.000
 60.000
  4.200
  4.200
 12.560
 61.000
 80.000
  4.200
  4.200
 12.560
 86.000
105.000
  4.200
  4.200
 12.560
111.000
130.000
  4.200
  4.200
  1.000
345.000
  8.500
 15.000
  7.000
-17.000
337.000
  4.200
 56.520
 20.000
300.000
  4.200
 21.980
 40.000
280.000
  4.200
 21.980
 60.000
260.000
  4.200
 21.980
 80.000
240.000
  4.200
 12.560
105.000
215.000
  4.200
 12.560
130.000
190.000
  4.200
 12.560
  1.000
-17.000
337.000
  4.200
 14.220
  1.000
18
20
 -140.3 -123.8 -107.3 -90.8 -74.3 -57.8 -41.3 -24.8 -8.3 8.3 24.8 41.3 57.8 74.3 90.8 107.3 123.8 140.3 
6
20
 -125.0 -75.0 -25.0 25.0 75.0 125.0 
6
20
 -135.0 -81.0 -27.0 27.0 81.0 135.0 
6
20
 -145.0 -87.0 -29.0 29.0 87.0 145.0 
4
20
 -147.9 -49.3 49.3 147.9 
4
20
 -144.0 -48.0 48.0 144.0 
4
20
 -138.0 -46.0 46.0 138.0 
18
10
 -147.9 -130.5 -113.1 -95.7 -78.3 -60.9 -43.5 -26.1 -8.7 8.7 26.1 43.5 60.9 78.3 95.7 113.1 130.5 147.9 
5
12
5
8
