3
ПЛИТНОЕ  Ж.Б.П.С. С  ОТКИДНЫМИ  КОНСОЛЯМИ  ПОД  НАГРУЗКУ  Н8 Инв. N 4769
Lo = 320 см.   Lп = 400 см.
n1_0320.51
  1.000
 25.000
  1.000
  0.000
  1.000
  0.000
  0.000
346.000
 13.500
332.500
400.000
  1.000
200.000
  0.000
  0.000
200.000
200.000
 10.000
 64.000
 40.000
 51.000
 55.000
 20.000
 70.000
  0.000
 70.000
 40.000
105.000
360.000
105.000
400.000
 70.000
380.000
 70.000
349.000
 55.000
336.000
 40.000
  0.700
  0.000
  0.700
400.000
 10.000
  2.000
  2.000
  2.000
  2.000
  2.000
  2.000
  3.000
  3.000
  3.000
  3.000
  2.260
  2.260
  9.050
  9.050
  3.930
  3.930
  3.930
  3.930
  3.390
  3.390
 49.500
 53.000
 63.000
 37.400
350.500
 53.000
337.000
 37.400
 63.000
 37.400
 92.000
 37.400
337.000
 37.400
308.000
 37.400
 49.500
 53.000
 63.000
 37.400
350.500
 53.000
337.000
 37.400
 92.000
 22.500
 56.000
 26.500
 41.000
 43.700
359.000
 43.700
344.000
 26.500
308.000
 22.500
 68.000
 25.500
 80.000
 37.400
 92.000
 37.400
332.000
 25.500
320.000
 37.400
308.000
 37.400
  0.000
  3.000
  0.000
173.000
346.000
  2.000
 19.000
  2.000
 19.000
  4.000
 10.000
 11.000
 17.000
  1.000
  1.000
 20.000
 90.000
  0.000
 90.000
 20.000
 55.000
 24.000
 40.600
 40.000
 10.000
 60.000
  0.000
 60.000
  0.000
 70.000
 20.000
 70.000
 51.000
 55.000
 64.000
 40.000
336.000
 40.000
349.000
 55.000
380.000
 70.000
400.000
 70.000
400.000
 60.000
390.000
 60.000
359.400
 40.000
345.000
 24.000
310.000
 20.000
310.000
  0.000
  0.000
  8.000
  7.600
-23.000
  1.000
 12.000
  4.200
 15.200
-12.000
 18.000
  5.600
  4.200
 15.200
  8.000
 38.000
  5.600
  4.200
 15.200
 23.000
 53.000
  5.600
  4.200
 15.200
 53.000
 83.000
  5.600
  4.200
  7.600
 83.000
113.000
  5.600
  4.200
  7.600
113.000
143.000
  5.600
  4.200
  7.600
143.000
173.000
  5.600
  4.200
  1.000
380.000
 12.060
 20.000
  8.000
-23.000
369.000
  4.200
 45.610
  1.000
345.000
  4.200
  7.600
 18.000
328.000
  4.200
 15.200
 38.000
308.000
  4.200
 15.200
 53.000
293.000
  4.200
 15.200
 83.000
263.000
  4.200
 15.200
113.000
233.000
  4.200
  7.600
143.000
203.000
  4.200
  7.600
  1.000
-23.000
369.000
  5.600
  9.420
  1.000
12
22
 -107.8 -88.2 -68.6 -49.0 -29.4 -9.8 9.8 29.4 49.0 68.6 88.2 107.8 
2
22
 -50.0 50.0 
4
22
 -105.0 -35.0 35.0 105.0 
4
22
 -90.0 -30.0 30.0 90.0 
4
22
 -60.0 -20.0 20.0 60.0 
4
22
 -45.0 -15.0 15.0 45.0 
2
22
 -75.0 75.0 
2
22
 -25.0 25.0 
12
10
 -107.8 -88.2 -68.6 -49.0 -29.4 -9.8 9.8 29.4 49.0 68.6 88.2 107.8 
2
12
2
12
8
12
8
12
5
10
5
10
5
10
5
10
3
12
3
12
