3
ПЛИТНОЕ  Ж.Б.П.С.  ПОД  НАГРУЗКУ  Н7 - 1931 г.
Lo = 500 см.    Lп = 590 см.
n1_0500.08
  1.000
 20.000
  0.000
  0.000
  0.000
  0.000
  0.000
530.000
 15.000
515.000
590.000
  1.000
192.500
  0.000
  0.000
192.500
192.500
 10.000
 20.000
 61.000
 20.000
 96.000
 20.000
 96.000
 20.000
 96.000
 40.000
111.000
345.000
111.000
365.000
 96.000
365.000
 96.000
365.000
 96.000
365.000
 61.000
  0.000
  0.000
  0.000
  0.000
  2.000
  6.000
  2.000
  2.011
  8.273
  3.000
 48.000
  3.000
 48.000
 72.500
 39.000
312.500
 39.000
382.000
 48.000
382.000
 48.000
  3.000
 58.000
382.000
 58.000
  0.000
  3.000
  0.000
265.000
530.000
  2.000
 19.000
  3.000
 18.000
  5.000
 10.000
 11.000
 16.000
  1.000
  1.000
 20.000
 72.500
  0.000
 72.500
 36.000
  0.000
 45.000
  0.000
 45.000
  0.000
 61.000
  0.000
 96.000
  0.000
 96.000
 20.000
 96.000
 20.000
 96.000
 20.000
 61.000
365.000
 61.000
365.000
 96.000
365.000
 96.000
385.000
 96.000
385.000
 96.000
385.000
 61.000
385.000
 45.000
385.000
 45.000
312.500
 36.000
312.500
  0.000
  0.000
  3.000
 38.013
-17.000
 34.700
  5.700
  4.100
 22.808
 34.700
 87.500
  4.100
  4.100
 19.007
 87.500
140.300
  4.100
  4.100
  1.000
557.000
  8.042
 65.000
  4.000
-20.000
550.000
  4.100
 76.027
 34.700
495.300
  4.100
 38.013
 87.500
442.500
  4.100
 22.808
140.300
389.700
  4.100
 19.007
  0.000
  1.000
20
22
 -114.0 -102.0 -90.0 -78.0 -66.0 -54.0 -42.0 -30.0 -18.0 -6.0 6.0 18.0 30.0 42.0 54.0 66.0 78.0 90.0 102.0 114.0 
10
22
 -110.3 -85.8 -61.3 -36.8 -12.3 12.3 36.8 61.3 85.8 110.3 
6
22
 -105.0 -63.0 -21.0 21.0 63.0 105.0 
5
22
 -100.0 -50.0 0.0 50.0 100.0 
4
8
7
12
