3
ПЛИТНОЕ  Ж.Б.П.С.  ПОД  НАГРУЗКУ  Н8 - 1931 г.  Инв. N 0474
Lo = 213 см.     Lп = 273 см.
n1_0213.29
  1.000
 30.000
  1.000
  0.000
  0.000
  0.000
  0.000
233.000
 10.000
223.000
273.000
  1.000
200.000
  0.000
  0.000
200.000
200.000
  6.000
 15.000
 26.000
 10.000
 53.000
 40.000
 76.000
360.000
 76.000
390.000
 53.000
385.000
 26.000
  0.000
  0.000
  0.000
  0.000
  2.000
  2.000
  2.000
  5.650
  2.500
  3.000
 23.000
397.000
 23.000
  3.000
  9.000
397.000
  9.000
  0.000
  3.000
  0.000
116.600
233.000
  2.000
 13.000
  2.000
 13.000
  4.000
  7.000
  8.000
 11.000
  1.000
  1.000
 14.000
 50.000
  4.000
 50.000
  7.000
  0.000
  7.000
  0.000
 26.000
  0.000
 53.000
 10.000
 53.000
 15.000
 26.000
385.000
 26.000
390.000
 53.000
400.000
 53.000
400.000
 26.000
400.000
  7.000
350.000
  7.000
350.000
  4.000
  2.000
  1.000
 14.000
 50.000
  0.000
350.000
  0.000
  6.000
 21.980
  6.000
 20.000
  4.200
  4.200
 18.840
 21.000
 35.000
  4.200
  4.200
 15.720
 36.000
 50.000
  4.200
  4.200
 12.560
 51.000
 65.000
  4.200
  4.200
  9.420
 71.000
 85.000
  4.200
  4.200
  6.280
 96.000
110.000
  4.200
  4.200
  1.000
255.000
  7.500
 15.000
  7.000
-17.000
250.000
  4.200
 40.860
 20.000
213.000
  4.200
 21.980
 35.000
198.000
  4.200
 18.840
 50.000
183.000
  4.200
 15.720
 65.000
168.000
  4.200
 12.560
 85.000
148.000
  4.200
  9.420
110.000
123.000
  4.200
  6.280
  1.000
-17.000
250.000
  4.000
 12.640
  1.000
13
20
 -147.6 -123.0 -98.4 -73.8 -49.2 -24.6 0.0 24.6 49.2 73.8 98.4 123.0 147.6 
7
20
 120.0 -120.0 80.0 -80.0 40.0 -40.0 -20.0 
6
20
 -142.5 -85.5 -28.5 28.5 85.5 142.5 
5
20
 140.0 -140.0 70.0 -70.0 20.0 
4
20
 -135.0 -45.0 45.0 135.0 
3
20
 110.0 -110.0 10.0 
2
20
 -145.0 145.0 
16
10
 -147.8 -128.1 -108.3 -88.7 -69.0 -49.3 -29.6 -9.8 9.8 29.6 49.3 69.0 88.7 108.3 128.1 147.8 
5
12
5
8
