3
ПЛИТНОЕ  Ж.Б.П.С. С  ДЛИННЫМИ  КОНСОЛЯМИ  ПОД  НАГРУЗКУ  Н8  Инв. N 0474
Lo = 427 см.    Lп = 500 см.
n1_0427.30
  1.000
 30.000
  1.000
  0.000
  0.000
  0.000
  0.000
450.000
 12.500
437.500
500.000
  1.000
245.000
  0.000
  0.000
245.000
245.000
  6.000
 15.000
 45.000
 10.000
 72.000
 85.000
 95.000
405.000
 95.000
480.000
 72.000
475.000
 45.000
  0.000
  0.000
  0.000
  0.000
  2.000
  2.000
  4.000
  5.650
  2.500
  3.000
 41.500
487.000
 41.500
  3.000
 24.500
 98.000
 19.500
392.000
 19.500
487.000
 24.500
  0.000
  3.000
  0.000
225.000
450.000
  2.000
 13.000
  2.000
 13.000
  4.000
  7.000
  8.000
 11.000
  1.000
  1.000
 14.000
 95.000
  8.000
 95.000
 17.000
  0.000
 22.000
  0.000
 45.000
  0.000
 72.000
 10.000
 72.000
 15.000
 45.000
475.000
 45.000
480.000
 72.000
490.000
 72.000
490.000
 45.000
490.000
 22.000
395.000
 17.000
395.000
  8.000
  2.000
  1.000
 14.000
 95.000
  0.000
395.000
  0.000
  6.000
 27.120
  3.000
 30.000
  5.500
  4.200
 27.120
 28.000
 55.000
  5.500
  4.200
 22.680
 58.000
 85.000
  5.500
  4.200
 13.060
 88.000
115.000
  5.500
  4.200
 13.060
118.000
145.000
  5.500
  4.200
  9.040
148.000
175.000
  5.500
  4.200
  1.000
495.000
 15.000
 15.000
  7.000
-22.000
472.000
  4.200
 76.840
 30.000
420.000
  4.200
 27.120
 55.000
395.000
  4.200
 27.120
 85.000
365.000
  4.200
 22.680
115.000
335.000
  4.200
 13.060
145.000
305.000
  4.200
 13.060
175.000
245.000
  4.200
  9.080
  1.000
-22.000
472.000
  5.500
 12.640
  1.000
 17.000
 24.000
-148.000
-129.500
-111.000
-92.500
-74.000
-55.500
-37.000
-18.500
  0.000
 18.500
 37.000
 55.500
 74.000
 92.500
111.000
129.500
148.000
  6.000
 24.000
-140.000
-84.000
-28.000
 28.000
 84.000
140.000
  6.000
 24.000
-135.000
-81.000
-27.000
 27.000
 81.000
135.000
  5.000
 24.000
144.000
-144.000
 72.000
-72.000
 36.000
  3.000
 24.000
-130.000
  0.000
130.000
  3.000
 24.000
-125.000
  0.000
125.000
  2.000
 24.000
-100.000
100.000
 16.000
 10.000
-147.800
-128.100
-108.300
-88.700
-69.000
-49.300
-29.600
 -9.800
  9.800
 29.600
 49.300
 69.000
 88.700
108.300
128.100
147.800
  5.000
 12.000
  5.000
  8.000

