3
ПЛИТНОЕ  Ж.Б.П.С. С  ДЛИННЫМИ  КОНСОЛЯМИ  ПОД  НАГРУЗКУ  Н8  Инв. N 0474
Lo = 400 см.   Lп = 470 см.
n1_0400.30
  1.000
 30.000
  1.000
  0.000
  0.000
  0.000
  0.000
423.333
 11.667
411.667
470.000
  1.000
245.000
  0.000
  0.000
245.000
245.000
 10.000
 15.000
 42.000
 10.000
 69.000
 10.000
 69.000
 10.000
 69.000
 85.000
 92.000
405.000
 92.000
480.000
 69.000
480.000
 69.000
480.000
 69.000
475.000
 42.000
  0.000
  0.000
  0.000
  0.000
  2.000
  6.000
  2.000
  2.513
  5.655
  3.000
 22.500
  3.000
 22.500
 98.000
 17.500
392.000
 17.500
487.000
 22.500
487.000
 22.500
  3.000
 38.500
487.000
 38.500
  0.000
  3.000
  0.000
211.667
423.333
  2.000
 19.000
  3.000
 18.000
  5.000
 10.000
 11.000
 16.000
  1.000
  1.000
 20.000
 95.000
  7.000
 95.000
 15.000
  0.000
 20.000
  0.000
 20.000
  0.000
 42.000
  0.000
 69.000
  0.000
 69.000
 10.000
 69.000
 10.000
 69.000
 15.000
 42.000
475.000
 42.000
480.000
 69.000
480.000
 69.000
490.000
 69.000
490.000
 69.000
490.000
 42.000
490.000
 20.000
490.000
 20.000
395.000
 15.000
395.000
  7.000
  2.000
  1.000
 20.000
 95.000
  0.000
395.000
  0.000
  6.000
 31.667
-14.000
 10.667
  5.800
  4.200
 27.143
 10.667
 35.667
  5.800
  4.200
 18.096
 40.667
 65.667
  5.800
  4.200
 18.096
 70.667
 95.667
  5.800
  4.200
  9.048
100.667
125.667
  5.800
  4.200
  9.048
130.667
155.667
  5.800
  4.200
  1.000
465.000
 13.069
 15.000
  7.000
-20.667
444.667
  4.200
 72.382
 10.667
412.667
  4.200
 31.667
 35.667
387.667
  4.200
 27.143
 65.667
357.667
  4.200
 18.096
 95.667
327.667
  4.200
 18.096
125.667
297.667
  4.200
  9.048
155.667
267.667
  4.200
  9.048
  1.000
-21.000
444.667
  5.500
 10.996
  1.000
 16.000
 24.000
-142.500
-123.500
-104.500
-85.500
-66.500
-47.500
-28.500
 -9.500
  9.500
 28.500
 47.500
 66.500
 85.500
104.500
123.500
142.500
  7.000
 24.000
-135.000
-90.000
-45.000
  0.000
 45.000
 90.000
135.000
  6.000
 24.000
-130.000
-78.000
-26.000
 26.000
 78.000
130.000
  4.000
 24.000
-147.000
-49.000
 49.000
147.000
  4.000
 24.000
-120.000
-40.000
 40.000
120.000
  2.000
 24.000
-100.000
100.000
  2.000
 24.000
-125.000
125.000
 14.000
 10.000
-147.600
-124.800
-102.200
-79.500
-56.800
-34.000
-11.300
 11.300
 34.000
 56.800
 79.500
102.200
124.800
147.600
  5.000
  8.000
  5.000
 12.000

