3
ПЛИТНОЕ  Ж.Б.П.С. ПОД  НАГРУЗКУ  Н8 - 1931 г.  Инв. N 4769
Lo = 213 см.    Lп = 295 см.
n1_0213.51
  1.000
 25.000
  1.000
  0.000
  1.000
  0.000
  0.000
241.000
 13.500
227.500
295.000
  1.000
200.000
  0.000
  0.000
200.000
200.000
 10.000
 64.000
 40.000
 51.000
 55.000
 20.000
 70.000
  0.000
 70.000
 40.000
105.000
360.000
105.000
400.000
 70.000
380.000
 70.000
349.000
 55.000
336.000
 40.000
  0.000
  0.000
  0.000
  0.000
  8.000
  3.000
  3.000
  2.000
  2.000
  3.000
  3.000
  3.000
  3.000
  6.280
  6.280
  9.050
  9.050
  3.930
  3.930
  3.390
  3.390
 20.000
 67.300
 49.500
 53.000
 63.000
 37.400
380.000
 67.300
350.500
 53.000
337.000
 37.400
 63.000
 37.400
 92.000
 37.400
337.000
 37.400
308.000
 37.400
 41.000
 43.700
 56.000
 26.500
 92.000
 22.500
359.000
 43.700
344.000
 26.500
308.000
 22.500
 68.000
 25.500
 80.000
 37.400
 92.000
 37.400
332.000
 25.500
320.000
 37.400
308.000
 37.400
  0.000
  3.000
  0.000
120.500
241.000
  2.000
 19.000
  2.000
 19.000
  4.000
 10.000
 11.000
 17.000
  1.000
  1.000
 20.000
 90.000
  0.000
 90.000
 20.000
 55.000
 24.000
 40.600
 40.000
 10.000
 60.000
  0.000
 60.000
  0.000
 70.000
 20.000
 70.000
 51.000
 55.000
 64.000
 40.000
336.000
 40.000
349.000
 55.000
380.000
 70.000
400.000
 70.000
400.000
 60.000
390.000
 60.000
359.400
 40.000
345.000
 24.000
310.000
 20.000
310.000
  0.000
  0.000
  5.000
  6.280
-23.000
 -4.000
 13.000
  4.000
 18.850
 -7.000
 24.000
  5.500
  4.000
 12.560
 19.000
 50.000
  5.500
  4.000
  6.280
 45.000
 76.000
  5.500
  4.000
  6.280
 71.000
102.000
  5.500
  4.000
  1.000
280.000
 12.060
 20.000
  6.000
-23.000
264.000
  4.000
 28.270
 -4.000
245.000
  4.000
  6.280
 24.000
217.000
  4.000
 18.850
 50.000
191.000
  4.000
 12.560
 76.000
165.000
  4.000
  6.280
102.000
139.000
  4.000
  6.280
  1.000
-23.000
264.000
  5.500
  7.070
  1.000
9
20
 -108.0 -81.0 -54.0 -27.0 0.0 27.0 54.0 81.0 108.0 
2
20
 -50.0 50.0 
6
20
 -100.0 -60.0 -20.0 20.0 60.0 100.0 
4
20
 -105.0 -35.0 35.0 105.0 
2
20
 -75.0 75.0 
2
20
 -25.0 25.0 
9
10
 -108.0 -81.0 -54.0 -27.0 0.0 27.0 54.0 81.0 108.0 
8
10
8
10
8
12
8
12
5
10
5
10
3
12
3
12
