3
ПЛИТНОЕ  Ж.Б.П.С.  ПОД  НАГРУЗКУ  Н7 - 1931 г.
Lo = 300 см.     Lп = 390 см.
n1_0300.08
  1.000
 20.000
  0.000
  0.000
  0.000
  0.000
  0.000
330.000
 15.000
315.000
390.000
  1.000
192.500
  0.000
  0.000
192.500
192.500
 10.000
 20.000
 39.000
 20.000
 74.000
 20.000
 74.000
 20.000
 74.000
 40.000
 89.000
345.000
 89.000
365.000
 74.000
365.000
 74.000
365.000
 74.000
365.000
 39.000
  0.000
  0.000
  0.000
  0.000
  2.000
  6.000
  2.000
  2.011
  8.273
  3.000
 26.000
  3.000
 26.000
 72.500
 17.000
312.500
 17.000
382.000
 26.000
382.000
 26.000
  3.000
 36.000
382.000
 36.000
  0.000
  3.000
  0.000
165.000
330.000
  2.000
 19.000
  3.000
 18.000
  5.000
 10.000
 11.000
 16.000
  1.000
  1.000
 20.000
 72.500
  0.000
 72.500
 14.000
  0.000
 23.000
  0.000
 23.000
  0.000
 39.000
  0.000
 74.000
  0.000
 74.000
 20.000
 74.000
 20.000
 74.000
 20.000
 39.000
365.000
 39.000
365.000
 74.000
365.000
 74.000
385.000
 74.000
385.000
 74.000
385.000
 39.000
385.000
 23.000
385.000
 23.000
312.500
 14.000
312.500
  0.000
  0.000
  2.000
 25.447
  7.600
 38.800
  3.900
  3.900
 15.268
 38.800
 70.000
  3.900
  3.900
  1.000
360.000
  8.000
 30.000
  3.000
-22.000
351.600
  3.900
 55.983
 38.800
291.200
  3.900
 25.447
 70.000
260.000
  3.900
 15.268
  0.000
  1.000
22
18
 -115.5 -104.5 -93.5 -82.5 -71.5 -60.5 -49.5 -38.5 -27.5 -16.5 -5.5 5.5 16.5 27.5 38.5 49.5 60.5 71.5 82.5 93.5 104.5 115.5 
10
18
 -90.0 -70.0 -50.0 -30.0 -10.0 10.0 30.0 50.0 70.0 90.0 
6
18
 -100.0 -60.0 -20.0 20.0 60.0 100.0 
4
8
7
12
