3
ПЛИТНОЕ  Ж.Б.П.С.  ПОД  НАГРУЗКУ  Н8 - 1931 г.  Инв. N 2272  
Lo = 200 см.   Lп = 280 см.
n1_0200.36
  1.000
 20.000
  0.000
  0.000
  0.000
  0.000
  0.000
226.000
 13.000
213.000
280.000
  1.000
200.000
  0.000
  0.000
200.000
200.000
  6.000
 20.000
 35.000
 10.000
 65.000
 40.000
 85.000
360.000
 85.000
390.000
 65.000
380.000
 35.000
  0.000
  0.000
  0.000
  0.000
  8.000
  2.000
  3.000
  3.000
  2.000
  2.000
  3.000
  3.000
  2.000
  5.650
  2.260
  3.390
  5.650
  5.650
  2.260
  3.390
  5.650
  8.000
 32.400
 63.000
 32.400
 30.000
 23.600
 39.000
 32.400
 63.000
 32.400
 45.000
 22.500
 55.000
 32.400
 63.000
 32.400
  9.000
 25.600
 63.000
 21.000
337.000
 32.400
392.000
 32.400
337.000
 32.400
361.000
 32.400
370.000
 23.600
337.000
 32.400
345.000
 32.400
355.000
 22.500
337.000
 21.000
391.000
 25.600
  0.000
  3.000
  0.000
113.000
226.000
  2.000
 13.000
  2.000
 13.000
  4.000
  7.000
  8.000
 11.000
  1.000
  1.000
 14.000
 60.000
  0.000
 58.000
 19.000
  6.000
 23.000
  4.000
 35.000
  0.000
 65.000
 10.000
 65.000
 20.000
 35.000
380.000
 35.000
390.000
 65.000
400.000
 65.000
396.000
 35.000
394.000
 23.000
342.000
 19.000
340.000
  0.000
  0.000
  6.000
 12.560
-23.000
  1.000
  7.000
  4.000
 18.840
 -9.000
 18.000
  4.000
  4.000
 18.840
 11.000
 38.000
  4.000
  4.000
 12.560
 31.000
 58.000
  4.000
  4.000
 12.560
 56.000
 83.000
  4.000
  4.000
 12.560
 81.000
108.000
  4.000
  4.000
  1.000
260.000
 10.000
 20.000
  7.000
-23.000
249.000
  4.000
 43.960
  1.000
225.000
  4.000
 12.560
 18.000
208.000
  4.000
 18.840
 38.000
188.000
  4.000
 18.840
 58.000
168.000
  4.000
 12.560
 83.000
143.000
  4.000
 12.560
108.000
118.000
  4.000
 12.560
  0.000
  1.000
14
20
 -137.8 -116.6 -95.4 -74.2 -53.0 -31.8 -10.6 10.6 31.8 53.0 74.2 95.4 116.6 137.8 
4
20
 -135.0 -45.0 45.0 135.0 
6
20
 -131.3 -78.8 -26.3 26.3 78.8 131.3 
6
20
 -117.5 -70.5 -23.5 23.5 70.5 117.5 
4
20
 -120.0 -40.0 40.0 120.0 
4
20
 -90.0 -30.0 30.0 90.0 
4
20
 -60.0 -20.0 20.0 60.0 
5
12
2
12
3
12
5
12
5
12
2
12
3
12
5
12
