3
ПЛИТНОЕ  Ж.Б.П.С.  ПОД  НАГРУЗКУ  Н8 - 1931 г.  Инв. N 0474
Lo = 200 см.   Lп = 260 см.
n1_0200.29
  1.000
 30.000
  1.000
  0.000
  0.000
  0.000
  0.000
220.000
 10.000
210.000
260.000
  1.000
200.000
  0.000
  0.000
200.000
200.000
  6.000
 15.000
 25.000
 10.000
 52.000
 40.000
 75.000
360.000
 75.000
390.000
 52.000
385.000
 25.000
  0.000
  0.000
  0.000
  0.000
  2.000
  2.000
  2.000
  5.650
  2.500
  3.000
 22.000
397.000
 22.000
  3.000
  8.000
397.000
  8.000
  0.000
  3.000
  0.000
110.000
220.000
  2.000
 13.000
  2.000
 13.000
  4.000
  7.000
  8.000
 11.000
  1.000
  1.000
 14.000
 50.000
  4.000
 50.000
  6.000
  0.000
  6.000
  0.000
 25.000
  0.000
 52.000
 10.000
 52.000
 15.000
 25.000
385.000
 25.000
390.000
 52.000
400.000
 52.000
400.000
 25.000
400.000
  6.000
350.000
  6.000
350.000
  4.000
  2.000
  1.000
 14.000
 50.000
  0.000
350.000
  0.000
  6.000
 18.840
  2.000
 15.000
  4.200
  4.200
 15.700
 17.000
 30.000
  4.200
  4.200
 12.520
 32.000
 45.000
  4.200
  4.200
  9.420
 42.000
 55.000
  4.200
  4.200
  9.420
 57.000
 70.000
  4.200
  4.200
  6.280
 87.000
100.000
  4.200
  4.200
  1.000
255.000
  7.500
 15.000
  7.000
-17.000
237.000
  4.200
 44.000
 15.000
205.000
  4.200
 18.840
 30.000
190.000
  4.200
 15.700
 45.000
175.000
  4.200
 12.560
 55.000
165.000
  4.200
  9.420
 70.000
150.000
  4.200
  9.420
100.000
120.000
  4.200
  6.280
  1.000
-17.000
237.000
  4.200
 12.640
  1.000
14
20
 -143.0 -121.0 -99.0 -77.0 -55.0 -33.0 -11.0 11.0 33.0 55.0 77.0 99.0 121.0 143.0 
6
20
 -145.0 -87.0 -29.0 29.0 87.0 145.0 
5
20
 -140.0 -70.0 0.0 70.0 140.0 
4
20
 -135.0 -45.0 45.0 135.0 
3
20
 130.0 -130.0 10.0 
3
20
 125.0 -125.0 -10.0 
2
20
 50.0 -50.0 
16
10
 -147.8 -128.1 -108.3 -88.7 -69.0 -49.3 -29.6 -9.8 9.8 29.6 49.3 69.0 88.7 108.3 128.1 147.8 
5
12
5
8
