3
Пролетное строение под Н7 , Лентарнсмостпроект 1945 год
инв 2077 Lo=500  Lp=600  n2_0500.35
*
  1.000
 20.000
  0.000
  0.000
  0.000
  0.000
  0.000
533.333
 16.667
516.667
600.000
  2.000
115.000
285.000
  0.000
  0.000
200.000
200.000
  0.000
 10.000
 15.000
 65.000
 10.000
100.000
 10.000
100.000
 10.000
100.000
 20.000
115.000
380.000
115.000
390.000
100.000
390.000
100.000
390.000
100.000
385.000
 65.000
  0.000
  0.000
  0.000
  0.000
  8.000
  2.000
  2.000
  2.000
  2.000
  2.000
  2.000
  2.000
  2.000
 13.572
  4.712
 11.310
  6.786
 13.572
  4.712
  6.786
  4.712
 68.000
 62.500
 78.000
 62.500
 68.000
 47.500
 78.000
 37.500
162.000
 47.500
152.000
 37.500
162.000
 62.500
152.000
 62.500
162.000
 47.500
200.000
 47.500
162.000
 62.500
200.000
 62.500
  3.000
 62.500
 68.000
 62.500
  3.000
 52.500
 68.000
 47.500
  0.000
  3.000
  0.000
266.667
533.333
  2.000
 13.000
  3.000
 12.000
  5.000
  9.000
  1.000
  0.000
 14.000
 75.000
  0.000
 75.000
 35.000
 65.000
 45.000
  0.000
 50.000
  0.000
 65.000
  0.000
100.000
 10.000
100.000
 10.000
100.000
 15.000
 65.000
200.000
 65.000
200.000
 45.000
165.000
 45.000
155.000
 35.000
155.000
  0.000
  0.000
  6.000
 18.096
-19.000
 36.667
  4.800
  4.200
 18.096
 35.667
 86.667
  4.400
  9.600
 13.572
 85.667
136.667
  4.400
  9.600
 13.572
125.667
176.667
  4.400
  9.600
  4.524
165.667
216.667
  4.400
  9.600
  9.048
166.667
210.667
  5.000
 16.000
  1.000
580.000
  3.016
 20.000
  7.000
-28.000
561.333
  4.200
 31.667
 36.667
496.666
  4.200
 18.096
 86.667
446.666
  9.600
 18.096
136.667
396.666
  9.600
 13.572
176.667
356.666
  9.600
 13.572
216.667
316.666
  9.600
  4.524
210.667
322.666
 16.000
  9.048
  1.000
-28.000
561.333
  4.400
  3.142
  0.000
  0.000
  0.000
  0.000
  8.000
  2.000
  2.000
  2.000
  2.000
  2.000
  2.000
  2.000
  2.000
 13.572
  4.712
 11.310
  6.786
 13.572
  4.712
  6.786
  4.712
322.000
 62.500
332.000
 62.500
322.000
 37.500
332.000
 47.500
238.000
 47.500
248.000
 37.500
238.000
 62.500
248.000
 62.500
200.000
 47.500
238.000
 47.500
200.000
 62.500
238.000
 62.500
332.000
 62.500
397.000
 62.500
332.000
 47.500
397.000
 52.500
  0.000
  3.000
  0.000
266.667
533.333
  2.000
 13.000
  3.000
 12.000
  6.000
 10.000
  0.000
  1.000
 14.000
245.000
  0.000
245.000
 35.000
235.000
 45.000
200.000
 45.000
200.000
 65.000
385.000
 65.000
390.000
100.000
390.000
100.000
400.000
100.000
400.000
 65.000
400.000
 50.000
335.000
 45.000
325.000
 35.000
325.000
  0.000
  0.000
  6.000
 18.096
-19.000
 36.667
  4.800
  4.200
 18.096
 35.667
 86.667
  4.400
  9.600
 13.572
 85.667
136.667
  4.400
  9.600
 13.572
125.667
176.667
  4.400
  9.600
  4.524
165.667
216.667
  4.400
  9.600
  9.048
166.667
210.667
  5.000
 16.000
  1.000
580.000
  3.016
 20.000
  7.000
-28.000
561.333
  4.200
 31.667
 36.667
496.666
  4.200
 18.096
 86.667
446.666
  9.600
 18.096
136.667
396.666
  9.600
 13.572
176.667
356.666
  9.600
 13.572
216.667
316.666
  9.600
  4.524
210.667
322.666
 16.000
  9.048
  1.000
-28.000
561.333
  4.400
  3.142
  1.000
7
24
 -37.8 -25.2 -12.6 0.0 12.6 25.2 37.8 
4
24
 -34.5 -11.5 11.5 34.5 
4
24
 -37.5 -12.5 12.5 37.5 
3
24
 -30.0 0.0 30.0 
3
24
 -20.0 0.0 20.0 
1
24
 -5.0 
2
24
 -37.0 37.0 
4
10
 -38.0 -12.7 12.7 38.0 
12
12
6
10
10
12
6
12
12
12
6
10
6
12
6
10
7
24
 -37.8 -25.2 -12.6 0.0 12.6 25.2 37.8 
4
24
 -34.5 -11.5 11.5 34.5 
4
24
 -37.5 -12.5 12.5 37.5 
3
24
 -30.0 0.0 30.0 
3
24
 -20.0 0.0 20.0 
1
24
 -5.0 
2
24
 -37.0 37.0 
4
10
 -38.0 -12.7 12.7 38.0 
12
12
6
10
10
12
6
12
12
12
6
10
6
12
6
10
