3
Пролетное строение под Н8 инв 2891 Лентрансмостпроект 1952 год
Lo= 853  Lp=1000 n2_0853.44
*
  1.000
 30.000
  1.000
  0.000
  1.000
  0.000
  0.000
902.000
 24.500
877.500
1000.000
  2.000
115.000
285.000
  0.000
  0.000
200.000
200.000
  0.000
 10.000
 15.000
140.000
 10.000
175.000
 10.000
175.000
 10.000
175.000
 20.000
190.000
380.000
190.000
390.000
175.000
390.000
175.000
390.000
175.000
385.000
140.000
  0.000
  0.000
  0.000
  0.000
  6.000
  2.000
  2.000
  2.000
  2.000
  2.000
  2.000
 14.703
  3.927
 10.179
  4.524
 14.703
  3.927
  3.000
137.500
 99.000
137.500
  3.000
127.500
 99.000
120.500
155.000
125.500
131.000
117.500
155.000
137.500
131.000
137.500
155.000
125.500
200.000
125.500
155.000
137.500
200.000
137.500
  0.000
  3.000
  0.000
451.000
902.000
  2.000
 13.000
  3.000
 12.000
  5.000
  9.000
  1.000
  0.000
 14.000
 96.000
  0.000
 96.000
118.000
  0.000
125.000
  0.000
125.000
  0.000
140.000
  0.000
175.000
 10.000
175.000
 10.000
175.000
 15.000
140.000
200.000
140.000
200.000
123.000
158.000
123.000
134.000
115.000
134.000
  0.000
  0.000
  6.000
  9.048
-44.000
-10.000
 95.900
 10.100
 18.096
-43.000
 80.000
  6.900
 10.100
 18.096
 37.000
154.000
  7.200
 15.800
 18.096
111.000
228.000
  7.200
 15.800
  9.048
208.000
320.000
  6.500
 21.500
  9.048
308.000
420.000
  6.500
 21.500
  1.000
980.000
  2.011
 20.000
  8.000
-44.000
946.000
  4.400
 36.191
-10.000
912.000
 10.100
  9.048
 15.500
886.500
 10.100
  9.048
 80.000
822.000
 10.100
 18.096
154.000
748.000
 15.800
 18.096
228.000
674.000
 15.800
 18.096
320.000
582.000
 21.500
  9.048
420.000
482.000
 21.500
  9.048
  1.000
-44.000
946.000
  6.400
  4.524
  0.000
  0.000
  0.000
  0.000
  6.000
  2.000
  2.000
  2.000
  2.000
  2.000
  2.000
 14.703
  3.927
 10.179
  4.524
 14.703
  3.927
301.000
137.500
397.000
137.500
301.000
120.500
397.000
127.500
245.000
125.500
269.000
117.500
245.000
137.500
269.000
137.500
200.000
125.500
245.000
125.500
200.000
137.500
245.000
137.500
  0.000
  3.000
  0.000
451.000
902.000
  2.000
 13.000
  3.000
 12.000
  6.000
 10.000
  0.000
  1.000
 14.000
266.000
  0.000
266.000
115.000
242.000
123.000
200.000
123.000
200.000
140.000
385.000
140.000
390.000
175.000
390.000
175.000
400.000
175.000
400.000
140.000
400.000
125.000
400.000
125.000
304.000
118.000
304.000
  0.000
  0.000
  6.000
  9.048
-44.000
-10.000
 95.900
 10.100
 18.096
-43.000
 80.000
  6.900
 10.100
 18.096
 37.000
154.000
  7.200
 15.800
 18.096
111.000
228.000
  7.200
 15.800
  9.048
208.000
320.000
  6.500
 21.500
  9.048
308.000
420.000
  6.500
 21.500
  1.000
980.000
  2.011
 20.000
  8.000
-44.000
946.000
  4.400
 36.191
-10.000
912.000
 10.100
  9.048
 15.500
886.500
 10.100
  9.048
 80.000
822.000
 10.100
 18.096
154.000
748.000
 15.800
 18.096
228.000
674.000
 15.800
 18.096
320.000
582.000
 21.500
  9.048
420.000
482.000
 21.500
  9.048
  1.000
-44.000
946.000
  6.400
  4.524
  1.000
8
24
 -16.8 -12.0 -7.2 -2.4 2.4 7.2 12.0 16.8 
2
24
 -17.0 17.0 
2
24
 -8.5 8.5 
4
24
 -13.5 -4.5 4.5 13.5 
4
24
 -16.5 -5.5 5.5 16.5 
4
24
 -8.3 -2.8 2.8 8.3 
2
24
 -17.0 17.0 
2
24
 -8.5 8.5 
4
12
 -16.9 -5.7 5.7 16.9 
13
12
5
10
9
12
4
12
13
12
5
10
8
24
 -16.8 -12.0 -7.2 -2.4 2.4 7.2 12.0 16.8 
2
24
 -17.0 17.0 
2
24
 -8.5 8.5 
4
24
 -13.5 -4.5 4.5 13.5 
4
24
 -16.5 -5.5 5.5 16.5 
4
24
 -8.3 -2.8 2.8 8.3 
2
24
 -17.0 17.0 
2
24
 -8.5 8.5 
4
12
 -16.9 -5.7 5.7 16.9 
13
12
5
10
9
12
4
12
13
12
5
10
