         2
n4_0600.60
*

         1
        20
         1         1         1         1
         0   643.333    21.667   621.667
       730
         4
        51       249       353       551
         0
         0
       301       301
         1
        10
        15        65
        10        95
        10        95
        10        95
        35       115
       567       115
       592        95
       592        95
       592        95
       587        65

         0         0         0         0
         8
         2         2         2         2         2         2         2         2
    13.572     2.513    13.572     2.513    13.572     2.513    12.441     4.524
         3        63         0        63         3        52         0        52         0        63        33        63         0        52        33        50        69        63       111        63        69        52       111        52       111        52       150        52       111        63       150        63
         0

         3
         0   321.667   643.333
         2        12         3        12
         5         9
         1         0
        13
        30         0        30        50         0        50         0        50         0        65         0        95        10        95        10        95        15        65       150        65       150        50        72        50        72         0
         0

        10
    12.315       -37       -13    36.300     4.700
     6.158       -40       -16    33.500     7.500
    18.473       -21    28.667     7.500     7.500
    12.315    16.667    66.667     7.500     7.500
    12.315    61.667   106.667         6        14
    12.315    96.667   141.667         6        14
    12.315   131.667   176.667         6        14
    12.315   176.667   216.667     8.300    16.700
    12.315   216.667   256.667     8.300    16.700
    12.315   256.667   296.667     8.300    16.700
         1
   681.667     2.011        20
        12
       -38   681.667     4.700    24.630
       -13   656.667     4.700    12.315
       -16   659.667     7.500     6.158
    28.667   614.667     7.500    18.473
    66.667   576.667     7.500    12.315
   106.667   536.667        14    12.315
   141.667   501.667        14    12.315
   176.667   466.667        14    12.315
   216.667   426.667    16.700    12.315
   256.667   386.667    16.700    12.315
   296.667   346.667    16.700    12.315
   321.667   321.667    16.700         0
         1
       -38   681.667         6     4.524

         8
         2         2         2         2         2         2         2         2
    12.441     4.524    13.572     2.513    13.572     2.513    12.441     4.524
       150        52       189        52       150        63       189        63       189        63       231        63       189        52       231        52       267        63   285.500        63       267        52   285.500        52   285.500        52       301        52   285.500        63       301        63
         0

         3
         0   321.667   643.333
         2         7         2         7
         0         0
         8
       228         0       228        50       150        50       150        65       301        65       301        50       270        50       270         0
         0

        10
    12.315       -37       -13    36.300     4.700
     6.158       -40       -16    33.500     7.500
    18.473       -21    28.667     7.500     7.500
    12.315    16.667    66.667     7.500     7.500
    12.315    61.667   106.667         6        14
    12.315    96.667   141.667         6        14
    12.315   131.667   176.667         6        14
    12.315   176.667   216.667     8.300    16.700
    12.315   216.667   256.667     8.300    16.700
    12.315   256.667   296.667     8.300    16.700
         1
   681.667     2.011        20
        12
       -38   681.667     4.700    24.630
       -13   656.667     4.700    12.315
       -16   659.667     7.500     6.158
    28.667   614.667     7.500    18.473
    66.667   576.667     7.500    12.315
   106.667   536.667        14    12.315
   141.667   501.667        14    12.315
   176.667   466.667        14    12.315
   216.667   426.667    16.700    12.315
   256.667   386.667    16.700    12.315
   296.667   346.667    16.700    12.315
   321.667   321.667    16.700         0
         1
       -38   681.667         6     4.524

         8
         2         2         2         2         2         2         2         2
    12.441     4.524    13.572     2.513    13.572     2.513    12.441     4.524
       301        52   316.500        52       301        63   316.500        63   316.500        63       335        63   316.500        52       335        52       371        63       413        63       371        52       413        52       413        52       452        52       413        63       452        63
         0

         3
         0   321.667   643.333
         2         7         2         7
         0         0
         8
       332         0       332        50       301        50       301        65       452        65       452        50       374        50       374         0
         0

        10
    12.315       -37       -13    36.300     4.700
     6.158       -40       -16    33.500     7.500
    18.473       -21    28.667     7.500     7.500
    12.315    16.667    66.667     7.500     7.500
    12.315    61.667   106.667         6        14
    12.315    96.667   141.667         6        14
    12.315   131.667   176.667         6        14
    12.315   176.667   216.667     8.300    16.700
    12.315   216.667   256.667     8.300    16.700
    12.315   256.667   296.667     8.300    16.700
         1
   681.667     2.011        20
        12
       -38   681.667     4.700    24.630
       -13   656.667     4.700    12.315
       -16   659.667     7.500     6.158
    28.667   614.667     7.500    18.473
    66.667   576.667     7.500    12.315
   106.667   536.667        14    12.315
   141.667   501.667        14    12.315
   176.667   466.667        14    12.315
   216.667   426.667    16.700    12.315
   256.667   386.667    16.700    12.315
   296.667   346.667    16.700    12.315
   321.667   321.667    16.700         0
         1
       -38   681.667         6     4.524
         0         0         0         0
         8
         2         2         2         2         2         2         2         2
    13.572     2.513    13.572     2.513    13.572     2.513    12.441     4.524
       599        63       602        63       599        52       602        52       602        63       569        63       602        52       569        50       533        63       491        63       533        52       491        52       491        52       452        52       491        63       452        63
         0

         3
         0   321.667   643.333
         2        12         2        11
         5         9
         0         1
        13
       530         0       530        50       452        50       452        65       587        65       592        95       592        95       602        95       602        65       602        50       602        50       572        50       572         0
         0

        10
    12.315       -37       -13    36.300     4.700
     6.158       -40       -16    33.500     7.500
    18.473       -21    28.667     7.500     7.500
    12.315    16.667    66.667     7.500     7.500
    12.315    61.667   106.667         6        14
    12.315    96.667   141.667         6        14
    12.315   131.667   176.667         6        14
    12.315   176.667   216.667     8.300    16.700
    12.315   216.667   256.667     8.300    16.700
    12.315   256.667   296.667     8.300    16.700
         1
   681.667     2.011        20
        12
       -38   681.667     4.700    24.630
       -13   656.667     4.700    12.315
       -16   659.667     7.500     6.158
    28.667   614.667     7.500    18.473
    66.667   576.667     7.500    12.315
   106.667   536.667        14    12.315
   141.667   501.667        14    12.315
   176.667   466.667        14    12.315
   216.667   426.667    16.700    12.315
   256.667   386.667    16.700    12.315
   296.667   346.667    16.700    12.315
   321.667   321.667    16.700         0
         1
       -38   681.667         6     4.524
         1
4
28
 -18.8 -6.3 6.3 18.8 
2
28
 -10.0 10.0 
1
28
 0.0 
3
28
 -19.0 0.0 19.0 
2
28
 -10.0 10.0 
2
28
 -19.0 19.0 
2
28
 -10.0 10.0 
2
28
 -5.0 5.0 
2
28
 -19.0 19.0 
2
28
 -10.0 10.0 
2
28
 -5.0 5.0 
1
8
 0.0 
4
12
 -18.8 -6.3 6.3 18.8 
12
12
5
8
12
12
5
8
12
12
5
8
11
12
4
12
4
28
 -18.8 -6.3 6.3 18.8 
2
28
 -10.0 10.0 
1
28
 0.0 
3
28
 -19.0 0.0 19.0 
2
28
 -10.0 10.0 
2
28
 -19.0 19.0 
2
28
 -10.0 10.0 
2
28
 -5.0 5.0 
2
28
 -19.0 19.0 
2
28
 -10.0 10.0 
2
28
 -5.0 5.0 
1
8
 0.0 
4
12
 -18.8 -6.3 6.3 18.8 
12
12
5
8
12
12
5
8
12
12
5
8
11
12
4
12
4
28
 -18.8 -6.3 6.3 18.8 
2
28
 -10.0 10.0 
1
28
 0.0 
3
28
 -19.0 0.0 19.0 
2
28
 -10.0 10.0 
2
28
 -19.0 19.0 
2
28
 -10.0 10.0 
2
28
 -5.0 5.0 
2
28
 -19.0 19.0 
2
28
 -10.0 10.0 
2
28
 -5.0 5.0 
1
8
 0.0 
4
12
 -18.8 -6.3 6.3 18.8 
12
12
5
8
12
12
5
8
12
12
5
8
11
12
4
12
4
28
 -18.8 -6.3 6.3 18.8 
2
28
 -10.0 10.0 
1
28
 0.0 
3
28
 -19.0 0.0 19.0 
2
28
 -10.0 10.0 
2
28
 -19.0 19.0 
2
28
 -10.0 10.0 
2
28
 -5.0 5.0 
2
28
 -19.0 19.0 
2
28
 -10.0 10.0 
2
28
 -5.0 5.0 
1
8
 0.0 
4
12
 -18.8 -6.3 6.3 18.8 
12
12
5
8
12
12
5
8
12
12
5
8
11
12
4
12
