         2
n4_0800.60
*

         1
        20
         1         1         1         1
         0   843.333    21.667   821.667
       930
         4
        55       245       357       547
         0
         0
       301       301
         1
        10
        14        80
        10       110
        10       110
        10       110
        35       130
       567       130
       592       110
       592       110
       592       110
       588        80

         0         0         0         0
         8
         2         2         2         2         2         2         2         2
    13.572     2.513    13.572     2.513    13.572     2.513    12.441     4.524
         3        78         0        78         3        70         0        70         0        78        33        78         0        70        33        65        77        78       115        78        77        70       115        70       115        70       150        70       115        78       150        78
         0

         3
         0   421.667   843.333
         2        12         3        12
         5         9
         1         0
        13
        30         0        30        65         0        68         0        68         0        80         0       110        10       110        10       110        14        80       150        80       150        68        80        68        80         0
         0

        11
    12.315       -37        -3    38.500     7.500
    18.473       -23    36.667     6.100    13.900
    18.473    11.667    71.667     6.100    13.900
    12.315    56.667   111.667     8.300    16.700
    12.315    96.667   151.667     8.300    16.700
    12.315   136.667   191.667     8.300    16.700
    12.315   186.667   236.667         7        23
    12.315   231.667   281.667         7        23
     6.158   281.667   331.667         7        23
     6.158   331.667   381.667         7        23
     6.158   331.667   376.667     9.200    25.800
         1
   881.667     2.011        20
        13
       -38   881.667     4.700    36.945
       -38   881.667     7.500    24.630
        -3   846.667     7.500    12.315
    36.667   806.667    13.900    18.473
    71.667   771.667    13.900    18.473
   111.667   731.667    16.700    12.315
   151.667   691.667    16.700    12.315
   191.667   651.667    16.700    12.315
   236.667   606.667        23    12.315
   281.667   561.667        23    12.315
   331.667   511.667        23     6.158
   381.667   461.667        23     6.158
   376.667   466.667    25.800     6.158
         1
       -38   881.667         6     4.524

         8
         2         2         2         2         2         2         2         2
    12.441     4.524    13.572     2.513    13.572     2.513    12.441     4.524
       150        70       185        70       150        78       185        78       185        78       223        78       185        70       223        70       267        78   285.500        78       267        70   285.500        70   285.500        70       301        70   285.500        78       301        78
         0

         3
         0   421.667   843.333
         2         7         2         7
         0         0
         8
       220         0       220        68       150        68       150        80       301        80       301        68       270        68       270         0
         0

        11
    12.315       -37        -3    38.500     7.500
    18.473       -23    36.667     6.100    13.900
    18.473    11.667    71.667     6.100    13.900
    12.315    56.667   111.667     8.300    16.700
    12.315    96.667   151.667     8.300    16.700
    12.315   136.667   191.667     8.300    16.700
    12.315   186.667   236.667         7        23
    12.315   231.667   281.667         7        23
     6.158   281.667   331.667         7        23
     6.158   331.667   381.667         7        23
     6.158   331.667   376.667     9.200    25.800
         1
   881.667     2.011        20
        13
       -38   881.667     4.700    36.945
       -38   881.667     7.500    24.630
        -3   846.667     7.500    12.315
    36.667   806.667    13.900    18.473
    71.667   771.667    13.900    18.473
   111.667   731.667    16.700    12.315
   151.667   691.667    16.700    12.315
   191.667   651.667    16.700    12.315
   236.667   606.667        23    12.315
   281.667   561.667        23    12.315
   331.667   511.667        23     6.158
   381.667   461.667        23     6.158
   376.667   466.667    25.800     6.158
         1
       -38   881.667         6     4.524

         8
         2         2         2         2         2         2         2         2
    12.441     4.524    13.572     2.513    13.572     2.513    12.441     4.524
       301        70   316.500        70       301        78   316.500        78   316.500        78       335        78   316.500        70       335        70       379        78       417        78       379        70       417        70       417        70       452        70       417        78       452        78
         0

         3
         0   421.667   843.333
         2         7         2         7
         0         0
         8
       332         0       332        68       301        68       301        80       452        80       452        68       382        68       382         0
         0

        11
    12.315       -37        -3    38.500     7.500
    18.473       -23    36.667     6.100    13.900
    18.473    11.667    71.667     6.100    13.900
    12.315    56.667   111.667     8.300    16.700
    12.315    96.667   151.667     8.300    16.700
    12.315   136.667   191.667     8.300    16.700
    12.315   186.667   236.667         7        23
    12.315   231.667   281.667         7        23
     6.158   281.667   331.667         7        23
     6.158   331.667   381.667         7        23
     6.158   331.667   376.667     9.200    25.800
         1
   881.667     2.011        20
        13
       -38   881.667     4.700    36.945
       -38   881.667     7.500    24.630
        -3   846.667     7.500    12.315
    36.667   806.667    13.900    18.473
    71.667   771.667    13.900    18.473
   111.667   731.667    16.700    12.315
   151.667   691.667    16.700    12.315
   191.667   651.667    16.700    12.315
   236.667   606.667        23    12.315
   281.667   561.667        23    12.315
   331.667   511.667        23     6.158
   381.667   461.667        23     6.158
   376.667   466.667    25.800     6.158
         1
       -38   881.667         6     4.524
         0         0         0         0
         8
         2         2         2         2         2         2         2         2
    13.572     2.513    13.572     2.513    13.572     2.513    12.441     4.524
       599        78       602        78       599        70       602        70       602        78       569        78       602        70       569        65       525        78       487        78       525        70       487        70       487        70       452        70       487        78       452        78
         0

         3
         0   421.667   843.333
         2        12         2        11
         5         9
         0         1
        13
       522         0       522        68       452        68       452        80       588        80       592       110       592       110       602       110       602        80       602        68       602        68       572        65       572         0
         0

        11
    12.315       -37        -3    38.500     7.500
    18.473       -23    36.667     6.100    13.900
    18.473    11.667    71.667     6.100    13.900
    12.315    56.667   111.667     8.300    16.700
    12.315    96.667   151.667     8.300    16.700
    12.315   136.667   191.667     8.300    16.700
    12.315   186.667   236.667         7        23
    12.315   231.667   281.667         7        23
     6.158   281.667   331.667         7        23
     6.158   331.667   381.667         7        23
     6.158   331.667   376.667     9.200    25.800
         1
   881.667     2.011        20
        13
       -38   881.667     4.700    36.945
       -38   881.667     7.500    24.630
        -3   846.667     7.500    12.315
    36.667   806.667    13.900    18.473
    71.667   771.667    13.900    18.473
   111.667   731.667    16.700    12.315
   151.667   691.667    16.700    12.315
   191.667   651.667    16.700    12.315
   236.667   606.667        23    12.315
   281.667   561.667        23    12.315
   331.667   511.667        23     6.158
   381.667   461.667        23     6.158
   376.667   466.667    25.800     6.158
         1
       -38   881.667         6     4.524
         1
6
28
 -22.5 -13.5 -4.5 4.5 13.5 22.5 
4
28
 -22.5 -7.5 7.5 22.5 
2
28
 -10.0 10.0 
3
28
 -22.5 0.0 22.5 
3
28
 -10.0 0.0 10.0 
2
28
 -22.5 22.5 
2
28
 -15.0 15.0 
2
28
 -7.5 7.5 
2
28
 -22.5 22.5 
2
28
 -15.0 15.0 
1
28
 0.0 
1
28
 0.0 
1
28
 0.0 
4
12
 -22.5 -7.5 7.5 22.5 
12
12
5
8
12
12
5
8
12
12
5
8
11
12
4
12
6
28
 -22.5 -13.5 -4.5 4.5 13.5 22.5 
4
28
 -22.5 -7.5 7.5 22.5 
2
28
 -10.0 10.0 
3
28
 -22.5 0.0 22.5 
3
28
 -10.0 0.0 10.0 
2
28
 -22.5 22.5 
2
28
 -15.0 15.0 
2
28
 -7.5 7.5 
2
28
 -22.5 22.5 
2
28
 -15.0 15.0 
1
28
 0.0 
1
28
 0.0 
1
28
 0.0 
4
12
 -22.5 -7.5 7.5 22.5 
12
12
5
8
12
12
5
8
12
12
5
8
11
12
4
12
6
28
 -22.5 -13.5 -4.5 4.5 13.5 22.5 
4
28
 -22.5 -7.5 7.5 22.5 
2
28
 -10.0 10.0 
3
28
 -22.5 0.0 22.5 
3
28
 -10.0 0.0 10.0 
2
28
 -22.5 22.5 
2
28
 -15.0 15.0 
2
28
 -7.5 7.5 
2
28
 -22.5 22.5 
2
28
 -15.0 15.0 
1
28
 0.0 
1
28
 0.0 
1
28
 0.0 
4
12
 -22.5 -7.5 7.5 22.5 
12
12
5
8
12
12
5
8
12
12
5
8
11
12
4
12
6
28
 -22.5 -13.5 -4.5 4.5 13.5 22.5 
4
28
 -22.5 -7.5 7.5 22.5 
2
28
 -10.0 10.0 
3
28
 -22.5 0.0 22.5 
3
28
 -10.0 0.0 10.0 
2
28
 -22.5 22.5 
2
28
 -15.0 15.0 
2
28
 -7.5 7.5 
2
28
 -22.5 22.5 
2
28
 -15.0 15.0 
1
28
 0.0 
1
28
 0.0 
1
28
 0.0 
4
12
 -22.5 -7.5 7.5 22.5 
12
12
5
8
12
12
5
8
12
12
5
8
11
12
4
12
