         2
n2_0600.35
*

         1
        20
         0         0         0         0
         0   633.333    16.667   616.667
       700
         2
        96       304
         0
         0
       200       200
         0
        10
        15       110
        10       145
        10       145
        10       145
        35       160
       365       160
       390       145
       390       145
       390       145
       385       110

         0         0         0         0
         8
         2         2         2         2         2         2         2         2
    15.834     5.498    15.834     7.917    15.834     5.498   791.681     5.498
        68       108        78       108        68        97        78        82       124        92       114        82       124       108       114       108       124        92       200        92       124       108       200       108         3       108        68       108         3        97        68        97
         0

         3
         0   316.667   633.333
         2        13         3        12
         5         9
         1         0
        14
        75         0        75        80        65        95         0        95         0       110         0       145        10       145        10       145        15       110       200       110       200        90       127        90       117        80       117         0
         0

         6
    10.619       -28    16.667    60.700     4.300
     5.309       -28    66.667    10.700     4.300
    10.619       -28    61.167    11.100     9.900
    15.928    41.667   136.667     5.100     9.900
    10.619   101.667   196.667     5.100     9.900
    10.619   176.667   266.667     4.500    15.500
         1
   656.667     2.011        20
         7
       -28   661.667     4.300    21.237
    16.667   616.667     4.300    10.619
    66.667   566.667     4.300     5.309
    61.167   572.167     9.900    10.619
   136.667   496.667     9.900    15.928
   196.667   436.667     9.900    10.619
   266.667   366.667    15.500    10.619
         1
       -28   661.667     4.500     2.356
         0         0         0         0
         8
         2         2         2         2         2         2         2         2
    15.834     5.498    15.834     7.917    15.834     5.498   791.681     5.498
       322       108       332       108       322        82       332        97       276        92       286        82       276       108       286       108       200        92       276        92       200       108       276       108       332       108       397       108       332        97       397        97
         0

         3
         0   316.667   633.333
         2        13         3        12
         6        10
         0         1
        14
       283         0       283        80       273        90       200        90       200       110       385       110       390       145       390       145       400       145       400       110       400        95       335        95       325        80       325         0
         0

         6
    10.619       -28    16.667    60.700     4.300
     5.309       -28    66.667    10.700     4.300
    10.619       -28    61.167    11.100     9.900
    15.928    41.667   136.667     5.100     9.900
    10.619   101.667   196.667     5.100     9.900
    10.619   176.667   266.667     4.500    15.500
         1
   656.667     2.011        20
         7
       -28   661.667     4.300    21.237
    16.667   616.667     4.300    10.619
    66.667   566.667     4.300     5.309
    61.167   572.167     9.900    10.619
   136.667   496.667     9.900    15.928
   196.667   436.667     9.900    10.619
   266.667   366.667    15.500    10.619
         1
       -28   661.667     4.500     2.356
         1
4
26
 -18.8 -6.3 6.3 18.8 
2
26
 -12.5 12.5 
1
26
 0.0 
2
26
 -19.0 19.0 
3
26
 -10.0 0.0 10.0 
2
26
 -0.1 0.1 
2
26
 -7.0 7.0 
3
10
 -10.0 0.0 10.0 
14
12
7
10
14
12
7
12
14
12
7
10
700
12
7
10
4
26
 -18.8 -6.3 6.3 18.8 
2
26
 -12.5 12.5 
1
26
 0.0 
2
26
 -19.0 19.0 
3
26
 -10.0 0.0 10.0 
2
26
 -0.1 0.1 
2
26
 -7.0 7.0 
3
10
 -10.0 0.0 10.0 
14
12
7
10
14
12
7
12
14
12
7
10
700
12
7
10
