3
ПЛИТНОЕ ДВУХБЛОЧНОЕ Ж.Б.П.С. ПОД НАГРУЗКУ Н8 Инв. N 2272   
Lo = 300 см.    Lп = 380 см.
n2_0300.37
  1.000
 20.000
  0.000
  0.000
  0.000
  0.000
  0.000
326.000
 13.500
312.500
380.000
  2.000
110.000
290.000
  0.000
  0.000
200.000
200.000
  0.000
  6.000
 20.000
 40.000
 10.000
 70.000
 40.000
 90.000
360.000
 90.000
390.000
 70.000
380.000
 40.000
  0.000
  0.000
  0.000
  0.000
  4.000
  2.000
  4.000
  3.000
  4.000
  5.650
  3.390
  2.260
  5.650
  8.000
 37.400
196.000
 37.400
 45.000
 27.500
 55.000
 37.400
170.000
 37.400
179.000
 28.300
 30.000
 28.600
 39.000
 37.400
 63.000
 37.400
  9.000
 30.600
 63.000
 26.000
157.000
 26.000
196.000
 30.000
  0.000
  3.000
  0.000
163.000
326.000
  2.000
 10.000
  2.000
 10.000
  4.000
  7.000
  1.000
  1.000
 11.000
 60.000
  0.000
 58.000
 24.000
  6.000
 28.000
  4.000
 40.000
  0.000
 70.000
 10.000
 70.000
 20.000
 40.000
200.000
 40.000
200.000
 28.000
162.000
 24.000
160.000
  0.000
  0.000
  7.000
  6.280
-24.000
  1.000
 15.000
  4.000
 12.560
 -9.000
 23.000
  4.000
  4.000
  9.420
 16.000
 48.000
  4.000
  4.000
  9.420
 31.000
 63.000
  4.000
  4.000
  6.280
 56.000
 88.000
  4.000
  4.000
  6.280
 96.000
128.000
  4.000
  4.000
  6.280
126.000
158.000
  4.000
  4.000
  1.000
360.000
  6.000
 20.000
  8.000
-24.000
350.000
  4.000
 25.130
  1.000
325.000
  4.000
  6.280
 23.000
303.000
  4.000
 12.560
 48.000
278.000
  4.000
  9.420
 63.000
263.000
  4.000
  9.420
 88.000
238.000
  4.000
  6.280
128.000
198.000
  4.000
  6.280
158.000
168.000
  4.000
  6.280
  1.000
-24.000
350.000
  4.000
 14.070
  0.000
  0.000
  0.000
  0.000
  4.000
  2.000
  4.000
  3.000
  4.000
  5.650
  3.390
  2.260
  5.650
204.000
 37.400
392.000
 37.400
221.000
 28.300
230.000
 37.400
345.000
 37.400
355.000
 27.500
337.000
 37.400
361.000
 37.400
370.000
 28.600
204.000
 30.000
243.000
 26.000
337.000
 26.000
391.000
 30.000
  0.000
  3.000
  0.000
163.000
326.000
  2.000
 10.000
  2.000
 10.000
  5.000
  8.000
  1.000
  1.000
 11.000
240.000
  0.000
238.000
 24.000
200.000
 28.000
200.000
 40.000
380.000
 40.000
390.000
 70.000
400.000
 70.000
396.000
 40.000
394.000
 28.000
342.000
 24.000
340.000
  0.000
  0.000
  7.000
  6.280
-24.000
  1.000
 15.000
  4.000
 12.560
 -9.000
 23.000
  4.000
  4.000
  9.420
 16.000
 48.000
  4.000
  4.000
  9.420
 31.000
 63.000
  4.000
  4.000
  6.280
 56.000
 88.000
  4.000
  4.000
  6.280
 96.000
128.000
  4.000
  4.000
  6.280
126.000
158.000
  4.000
  4.000
  1.000
360.000
  6.000
 20.000
  8.000
-24.000
350.000
  4.000
 25.130
  1.000
325.000
  4.000
  6.280
 23.000
303.000
  4.000
 12.560
 48.000
278.000
  4.000
  9.420
 63.000
263.000
  4.000
  9.420
 88.000
238.000
  4.000
  6.280
128.000
198.000
  4.000
  6.280
158.000
168.000
  4.000
  6.280
  1.000
-24.000
350.000
  4.000
 14.070
  1.000
8
20
 -45.5 -32.5 -19.5 -6.5 6.5 19.5 32.5 45.5 
2
20
 -24.0 24.0 
4
20
 -42.0 -14.0 14.0 42.0 
3
20
 21.5 -21.5 10.0 
3
20
 -48.0 0.0 48.0 
2
20
 -17.5 17.5 
2
20
 -12.5 12.5 
2
20
 -7.5 7.5 
7
16
 -48.0 -32.0 -16.0 0.0 16.0 32.0 48.0 
5
12
3
12
2
12
5
12
8
20
 -45.5 -32.5 -19.5 -6.5 6.5 19.5 32.5 45.5 
2
20
 -24.0 24.0 
4
20
 -42.0 -14.0 14.0 42.0 
3
20
 21.5 -21.5 10.0 
3
20
 -48.0 0.0 48.0 
2
20
 -17.5 17.5 
2
20
 -12.5 12.5 
2
20
 -7.5 7.5 
7
16
 -48.0 -32.0 -16.0 0.0 16.0 32.0 48.0 
5
12
3
12
2
12
5
12
