         2
n2_0800.35
*

         1
        20
         0         0         0         0
         0   843.333    21.667   821.667
       930
         2
   102.500   297.500
         0
         0
       200       200
         0
        10
        15       130
        10       165
        10       165
        10       165
        35       180
       365       180
       390       165
       390       165
       390       165
       385       130

         0         0         0         0
         8
         2         2         2         2         2         2         2         2
    15.834     5.498    15.834     7.917    15.834     5.498     7.917     5.498
        68       128        78       128        68       117        78       102       137       112       127       102       137       128       127       128       137       112       200       112       137       128       200       128         3       128        68       128         3       117        68       117
         0

         3
         0   421.667   843.333
         2        13         3        12
         5         9
         1         0
        14
        75         0        75       100        65       115         0       115         0       130         0       165        10       165        10       165        15       130       200       130       200       110       140       110       130       100       130         0
         0

         6
    12.315       -33    26.667    65.600     4.400
    24.630       -33    81.667     4.800    10.200
    24.630    41.667   156.667     4.800    10.200
    12.315   117.667   226.667         5        16
    12.315   187.667   296.667         5        16
    12.315   257.667   366.667         5        16
         1
   881.667     3.016        20
         7
       -38   881.667     4.400    36.945
    26.667   816.667     4.400    12.315
    81.667   761.667    10.200    24.630
   156.667   686.667    10.200    24.630
   226.667   616.667        16    12.315
   296.667   546.667        16    12.315
   366.667   476.667        16    12.315
         1
       -38   881.667     4.800     3.142
         0         0         0         0
         8
         2         2         2         2         2         2         2         2
    15.834     5.498    15.834     7.917    15.834     5.498     7.917     5.498
       322       128       332       128       322       102       332       117       263       112       273       102       263       128       273       128       200       112       263       112       200       128       263       128       332       128       397       128       332       117       397       117
         0

         3
         0   421.667   843.333
         2        13         3        12
         6        10
         0         1
        14
       270         0       270       100       260       110       200       110       200       130       385       130       390       165       390       165       400       165       400       130       400       115       335       115       325       100       325         0
         0

         6
    12.315       -33    26.667    65.600     4.400
    24.630       -33    81.667     4.800    10.200
    24.630    41.667   156.667     4.800    10.200
    12.315   117.667   226.667         5        16
    12.315   187.667   296.667         5        16
    12.315   257.667   366.667         5        16
         1
   881.667     3.016        20
         7
       -38   881.667     4.400    36.945
    26.667   816.667     4.400    12.315
    81.667   761.667    10.200    24.630
   156.667   686.667    10.200    24.630
   226.667   616.667        16    12.315
   296.667   546.667        16    12.315
   366.667   476.667        16    12.315
         1
       -38   881.667     4.800     3.142
         1
6
28
 -25.0 -15.0 -5.0 5.0 15.0 25.0 
2
28
 -20.0 20.0 
4
28
 -25.5 -8.5 8.5 25.5 
4
28
 -15.0 -5.0 5.0 15.0 
2
28
 -25.0 25.0 
2
28
 -15.0 15.0 
2
28
 -5.0 5.0 
4
10
 -25.5 -8.5 8.5 25.5 
14
12
7
10
14
12
7
12
14
12
7
10
7
12
7
10
6
28
 -25.0 -15.0 -5.0 5.0 15.0 25.0 
2
28
 -20.0 20.0 
4
28
 -25.5 -8.5 8.5 25.5 
4
28
 -15.0 -5.0 5.0 15.0 
2
28
 -25.0 25.0 
2
28
 -15.0 15.0 
2
28
 -5.0 5.0 
4
10
 -25.5 -8.5 8.5 25.5 
14
12
7
10
14
12
7
12
14
12
7
10
7
12
7
10
