3
Пролетное строение под Н7 , Лентрансмостпроект 1945г. инв. 2077
Lo=640  Lp=740
*
  1.000
 20.000
  0.000
  0.000
  0.000
  0.000
  0.000
673.333
 16.667
656.667
740.000
  2.000
 97.500
302.500
  0.000
  0.000
200.000
200.000
  0.000
 10.000
 15.000
110.000
 10.000
145.000
 10.000
145.000
 10.000
145.000
 20.000
160.000
380.000
160.000
390.000
145.000
390.000
145.000
390.000
145.000
385.000
110.000
  0.000
  0.000
  0.000
  0.000
  8.000
  2.000
  2.000
  2.000
  2.000
  2.000
  2.000
  2.000
  2.000
 15.834
  5.498
 13.572
  7.917
 15.834
  5.498
  7.917
  5.498
 68.000
107.500
 78.000
107.500
 68.000
 92.500
 78.000
 82.500
127.000
 92.500
117.000
 82.500
127.000
107.500
117.000
107.500
127.000
 92.500
200.000
 92.500
127.000
107.500
200.000
107.500
  3.000
107.500
 68.000
107.500
  3.000
 97.500
 68.000
 92.500
  0.000
  3.000
  0.000
336.667
673.333
  2.000
 13.000
  3.000
 12.000
  5.000
  9.000
  1.000
  0.000
 14.000
 75.000
  0.000
 75.000
 80.000
 65.000
 90.000
  0.000
 95.000
  0.000
110.000
  0.000
145.000
 10.000
145.000
 10.000
145.000
 15.000
110.000
200.000
110.000
200.000
 90.000
130.000
 90.000
120.000
 80.000
120.000
  0.000
  0.000
  4.000
 21.237
 -3.000
 91.667
  5.100
  9.900
 15.928
 56.667
151.667
  5.100
  9.900
 10.619
131.667
221.667
  4.500
 15.500
 10.619
196.667
286.667
  4.500
 15.500
  1.000
720.000
  2.011
 20.000
  5.000
-28.000
701.333
  4.300
 37.165
 91.667
581.666
  9.900
 21.237
151.667
521.666
  9.900
 15.928
221.667
451.666
 15.500
 10.619
286.667
386.666
 15.500
 10.619
  1.000
-28.000
701.333
  4.500
  2.356
  0.000
  0.000
  0.000
  0.000
  8.000
  2.000
  2.000
  2.000
  2.000
  2.000
  2.000
  2.000
  2.000
 15.834
  5.498
 13.572
  7.917
 15.834
  5.498
  7.917
  5.498
322.000
107.500
332.000
107.500
322.000
 82.500
332.000
 92.500
273.000
 92.500
283.000
 82.500
273.000
107.500
283.000
107.500
200.000
 92.500
273.000
 92.500
200.000
107.500
273.000
107.500
332.000
107.500
397.000
107.500
332.000
 92.500
397.000
 97.500
  0.000
  3.000
  0.000
336.667
673.333
  2.000
 13.000
  3.000
 12.000
  6.000
 10.000
  0.000
  1.000
 14.000
280.000
  0.000
280.000
 80.000
270.000
 90.000
200.000
 90.000
200.000
110.000
385.000
110.000
390.000
145.000
390.000
145.000
400.000
145.000
400.000
110.000
400.000
 95.000
335.000
 90.000
325.000
 80.000
325.000
  0.000
  0.000
  4.000
 21.237
 -3.000
 91.667
  5.100
  9.900
 15.928
 56.667
151.667
  5.100
  9.900
 10.619
131.667
221.667
  4.500
 15.500
 10.619
196.667
286.667
  4.500
 15.500
  1.000
720.000
  2.011
 20.000
  5.000
-28.000
701.333
  4.300
 37.165
 91.667
581.666
  9.900
 21.237
151.667
521.666
  9.900
 15.928
221.667
451.666
 15.500
 10.619
286.667
386.666
 15.500
 10.619
  1.000
-28.000
701.333
  4.500
  2.356
  1.000
7
26
 -19.5 -13.0 -6.5 0.0 6.5 13.0 19.5 
4
26
 -19.5 -6.5 6.5 19.5 
3
26
 -10.0 0.0 10.0 
2
26
 -20.0 20.0 
2
26
 -10.0 10.0 
3
10
 -20.5 0.0 20.5 
14
12
7
10
12
12
7
12
14
12
7
10
7
12
7
10
7
26
 -19.5 -13.0 -6.5 0.0 6.5 13.0 19.5 
4
26
 -19.5 -6.5 6.5 19.5 
3
26
 -10.0 0.0 10.0 
2
26
 -20.0 20.0 
2
26
 -10.0 10.0 
3
10
 -20.5 0.0 20.5 
14
12
7
10
12
12
7
12
14
12
7
10
7
12
7
10
