         3
Ребристое ПС проектировки Лентрансмостпроект 1945г. Инв ь 2077
n2_0400.35
*

         1
        20
         0         0         0         0
         0   433.333    16.667   416.667
       500
         2
       105       295
         0
         0
       200       200
         0
        10
        15        60
        10        95
        10        95
        10        95
        35       110
       365       110
       390        95
       390        95
       390        95
       385        60

         0         0         0         0
         8
         2         2         2         2         2         2         2         2
    20.358     4.712    20.358     6.786    20.358     4.712     6.786     4.712
        68        58        78        58        68        47        78        32       142        42       132        32       142        58       132        58       142        42       200        42       142        58       200        58         3        58        68        58         3        47        68        47
         0

         3
         0   216.667   433.333
         2        13         3        12
         5         9
         1         0
        14
        75         0        75        30        65        45         0        45         0        60         0        95        10        95        10        95        15        60       200        60       200        40       145        40       135        30       135         0
         0

         5
    15.205       -14    36.667     4.900     4.100
     3.801       -14    31.667     4.700     9.300
    15.205    35.667    81.667     4.700     9.300
    11.404    80.667   126.667     4.700     9.300
    11.404   120.667   166.667     4.700     9.300
         1
   456.667     3.016        20
         6
       -28   461.667     4.100    26.609
    36.667   396.667     4.100    15.205
    31.667   401.667     9.300     3.801
    81.667   351.667     9.300    15.205
   126.667   306.667     9.300    11.404
   166.667   266.667     9.300    11.404
         1
       -28   461.667     4.300     3.142
         0         0         0         0
         8
         2         2         2         2         2         2         2         2
    20.358     4.712    20.358     6.786    20.358     4.712     6.786     4.712
       322        58       332        58       322        32       332        47       258        42       268        32       258        58       268        58       200        42       258        42       200        58       258        58       332        58       397        58       332        47       397        47
         0

         3
         0   216.667   433.333
         2        13         3        12
         6        10
         0         1
        14
       265         0       265        30       255        40       200        40       200        60       385        60       390        95       390        95       400        95       400        60       400        45       335        45       325        30       325         0
         0

         5
    15.205       -14    36.667     4.900     4.100
     3.801       -14    31.667     4.700     9.300
    15.205    35.667    81.667     4.700     9.300
    11.404    80.667   126.667     4.700     9.300
    11.404   120.667   166.667     4.700     9.300
         1
   456.667     3.016        20
         6
       -28   461.667     4.100    26.609
    36.667   396.667     4.100    15.205
    31.667   401.667     9.300     3.801
    81.667   351.667     9.300    15.205
   126.667   306.667     9.300    11.404
   166.667   266.667     9.300    11.404
         1
       -28   461.667     4.300     3.142
         1
7
22
 -27.0 -18.0 -9.0 0.0 9.0 18.0 27.0 
4
22
 -22.5 -7.5 7.5 22.5 
1
22
 0.0 
4
22
 -22.5 -7.5 7.5 22.5 
3
22
 -15.0 0.0 15.0 
3
22
 -5.0 0.0 5.0 
4
10
 -27.8 -9.3 9.3 27.8 
18
12
6
10
18
12
6
12
18
12
6
10
6
12
6
10
7
22
 -27.0 -18.0 -9.0 0.0 9.0 18.0 27.0 
4
22
 -22.5 -7.5 7.5 22.5 
1
22
 0.0 
4
22
 -22.5 -7.5 7.5 22.5 
3
22
 -15.0 0.0 15.0 
3
22
 -5.0 0.0 5.0 
4
10
 -27.8 -9.3 9.3 27.8 
18
12
6
10
18
12
6
12
18
12
6
10
6
12
6
10
