3
Пролетное строение под Н7,Лентрансмостпроект 1945г, инв 2077
   Lo=427   Lp=527
*
  1.000
 20.000
  0.000
  0.000
  0.000
  0.000
  0.000
460.333
 16.667
443.667
527.000
  2.000
110.000
290.000
  0.000
  0.000
200.000
200.000
  0.000
 10.000
 15.000
 60.000
 10.000
 95.000
 10.000
 95.000
 10.000
 95.000
 20.000
110.000
380.000
110.000
390.000
 95.000
390.000
 95.000
390.000
 95.000
385.000
 60.000
  0.000
  0.000
  0.000
  0.000
  8.000
  2.000
  2.000
  2.000
  2.000
  2.000
  2.000
  2.000
  2.000
 13.572
  6.786
 11.310
  6.786
 13.572
  4.712
  6.786
  4.712
 68.000
 57.500
 78.000
 57.500
 68.000
 42.500
 78.000
 32.500
152.000
 42.500
142.000
 32.500
152.000
 57.500
142.000
 57.500
152.000
 42.500
200.000
 42.500
152.000
 57.500
200.000
 57.500
  3.000
 57.500
 68.000
 57.500
  3.000
 47.500
 68.000
 42.500
  0.000
  3.000
  0.000
230.167
460.333
  2.000
 13.000
  3.000
 12.000
  5.000
  9.000
  1.000
  0.000
 14.000
 75.000
  0.000
 75.000
 30.000
 65.000
 40.000
  0.000
 45.000
  0.000
 60.000
  0.000
 95.000
 10.000
 95.000
 10.000
 95.000
 15.000
 60.000
200.000
 60.000
200.000
 40.000
155.000
 40.000
145.000
 30.000
145.000
  0.000
  0.000
  5.000
  3.801
-19.000
 31.667
  4.900
  4.100
 15.205
-19.000
 31.667
  4.700
  9.300
 15.205
 35.667
 81.667
  4.700
  9.300
 11.404
 85.667
131.667
  4.700
  9.300
 11.404
135.667
181.667
  4.700
  9.300
  1.000
520.000
  3.016
 20.000
  6.000
-28.000
488.333
  4.100
 26.609
 31.667
428.666
  4.100
  3.801
 31.667
428.666
  9.300
 15.205
 81.667
378.666
  9.300
 15.205
131.667
328.666
  9.300
 11.404
181.667
278.666
  9.300
 11.404
  1.000
-28.000
488.333
  4.300
  3.142
  0.000
  0.000
  0.000
  0.000
  8.000
  2.000
  2.000
  2.000
  2.000
  2.000
  2.000
  2.000
  2.000
 13.572
  6.786
 11.310
  6.786
 13.572
  4.712
  6.786
  4.712
322.000
 57.500
332.000
 57.500
322.000
 32.500
332.000
 42.500
248.000
 42.500
258.000
 32.500
248.000
 57.500
258.000
 57.500
200.000
 42.500
248.000
 42.500
200.000
 57.500
248.000
 57.500
332.000
 57.500
397.000
 57.500
332.000
 42.500
397.000
 47.500
  0.000
  3.000
  0.000
230.167
460.333
  2.000
 13.000
  3.000
 12.000
  6.000
 10.000
  0.000
  1.000
 14.000
255.000
  0.000
255.000
 30.000
245.000
 40.000
200.000
 40.000
200.000
 60.000
385.000
 60.000
390.000
 95.000
390.000
 95.000
400.000
 95.000
400.000
 60.000
400.000
 45.000
335.000
 40.000
325.000
 30.000
325.000
  0.000
  0.000
  5.000
  3.801
-19.000
 31.667
  4.900
  4.100
 15.205
-19.000
 31.667
  4.700
  9.300
 15.205
 35.667
 81.667
  4.700
  9.300
 11.404
 85.667
131.667
  4.700
  9.300
 11.404
135.667
181.667
  4.700
  9.300
  1.000
520.000
  3.016
 20.000
  6.000
-28.000
488.333
  4.100
 26.609
 31.667
428.666
  4.100
  3.801
 31.667
428.666
  9.300
 15.205
 81.667
378.666
  9.300
 15.205
131.667
328.666
  9.300
 11.404
181.667
278.666
  9.300
 11.404
  1.000
-28.000
488.333
  4.300
  3.142
  1.000
7
22
 -33.0 -22.0 -11.0 0.0 11.0 22.0 33.0 
1
22
 -5.0 
4
22
 -33.0 -11.0 11.0 33.0 
4
22
 -27.0 -9.0 9.0 27.0 
3
22
 -15.0 0.0 15.0 
3
22
 5.0 -5.0 20.0 
4
10
 -33.0 -11.0 11.0 33.0 
12
12
6
12
10
12
6
12
12
12
6
10
6
12
6
10
7
22
 -33.0 -22.0 -11.0 0.0 11.0 22.0 33.0 
1
22
 -5.0 
4
22
 -33.0 -11.0 11.0 33.0 
4
22
 -27.0 -9.0 9.0 27.0 
3
22
 -15.0 0.0 15.0 
3
22
 5.0 -5.0 20.0 
4
10
 -33.0 -11.0 11.0 33.0 
12
12
6
12
10
12
6
12
12
12
6
10
6
12
6
10
