3
ПЛИТНОЕ ДВУХБЛОЧНОЕ Ж.Б.П.С. ПОД НАГРУЗКУ Н8 Инв. N 2272   
Lo = 427 см.    Lп = 530 см.
n2_0427.37
  3.000
 20.000
  0.000
  0.000
  0.000
  0.000
  0.000
460.000
 17.500
442.500
530.000
  2.000
110.000
290.000
  0.000
  0.000
200.000
200.000
  0.000
  6.000
 20.000
 50.000
 10.000
 80.000
 40.000
100.000
360.000
100.000
390.000
 80.000
380.000
 50.000
  0.000
  0.000
  0.000
  0.000
  4.000
  2.000
  4.000
  3.000
  4.000
  5.650
  3.390
  2.260
  5.650
  8.000
 47.400
196.000
 47.400
 45.000
 37.500
 55.000
 47.400
170.000
 47.400
179.000
 38.300
 30.000
 38.600
 39.000
 47.400
 63.000
 47.400
  9.000
 40.600
 63.000
 36.000
157.000
 36.000
196.000
 40.000
  0.000
  3.000
  0.000
230.000
460.000
  2.000
 10.000
  2.000
 10.000
  4.000
  7.000
  1.000
  1.000
 11.000
 60.000
  0.000
 58.000
 34.000
  6.000
 38.000
  4.000
 50.000
  0.000
 80.000
 10.000
 80.000
 20.000
 50.000
200.000
 50.000
200.000
 38.000
162.000
 34.000
160.000
  0.000
  0.000
  7.000
 18.850
-31.000
  3.000
 12.000
  4.000
 12.560
-21.000
 21.000
  4.000
  4.000
 12.560
  4.000
 46.000
  4.000
  4.000
 12.560
 36.000
 78.000
  4.000
  4.000
 12.560
 75.000
117.000
  4.000
  6.000
 12.560
118.000
160.000
  4.000
  6.000
  6.280
163.000
205.000
  4.000
  6.000
  1.000
520.000
  7.000
 20.000
  8.000
-31.000
491.000
  4.000
 31.420
  3.000
457.000
  4.000
 18.850
 21.000
439.000
  4.000
 12.560
 46.000
414.000
  4.000
 12.560
 78.000
382.000
  4.000
 12.560
117.000
343.000
  6.000
 12.560
160.000
300.000
  6.000
 12.560
205.000
255.000
  6.000
  6.280
  1.000
-31.000
491.000
  4.000
 16.080
  0.000
  0.000
  0.000
  0.000
  4.000
  2.000
  4.000
  3.000
  4.000
  5.650
  3.390
  2.260
  5.650
204.000
 47.400
392.000
 47.400
221.000
 38.300
230.000
 47.400
345.000
 47.400
355.000
 37.500
337.000
 47.400
361.000
 47.400
370.000
 38.600
204.000
 40.000
243.000
 36.000
337.000
 36.000
391.000
 40.000
  0.000
  3.000
  0.000
230.000
460.000
  2.000
 10.000
  2.000
 10.000
  5.000
  8.000
  1.000
  1.000
 11.000
240.000
  0.000
238.000
 34.000
200.000
 38.000
200.000
 50.000
380.000
 50.000
390.000
 80.000
400.000
 80.000
396.000
 50.000
394.000
 38.000
342.000
 34.000
340.000
  0.000
  0.000
  7.000
 18.850
-31.000
  3.000
 12.000
  4.000
 12.560
-21.000
 21.000
  4.000
  4.000
 12.560
  4.000
 46.000
  4.000
  4.000
 12.560
 36.000
 78.000
  4.000
  4.000
 12.560
 75.000
117.000
  4.000
  6.000
 12.560
118.000
160.000
  4.000
  6.000
  6.280
163.000
205.000
  4.000
  6.000
  1.000
520.000
  7.000
 20.000
  8.000
-31.000
491.000
  4.000
 31.420
  3.000
457.000
  4.000
 18.850
 21.000
439.000
  4.000
 12.560
 46.000
414.000
  4.000
 12.560
 78.000
382.000
  4.000
 12.560
117.000
343.000
  6.000
 12.560
160.000
300.000
  6.000
 12.560
205.000
255.000
  6.000
  6.280
  1.000
-31.000
491.000
  4.000
 16.080
  1.000
10
20
 -47.3 -36.8 -26.3 -15.8 -5.3 5.3 15.8 26.3 36.8 47.3 
6
20
 -45.0 -27.0 -9.0 9.0 27.0 45.0 
4
20
 -48.0 -16.0 16.0 48.0 
4
20
 -37.5 -12.5 12.5 37.5 
4
20
 -30.0 -10.0 10.0 30.0 
4
20
 -22.5 -7.5 7.5 22.5 
4
20
 -15.0 -5.0 5.0 15.0 
2
20
 -2.5 2.5 
8
16
 -47.3 -33.8 -20.3 -6.8 6.8 20.3 33.8 47.3 
5
12
3
12
2
12
5
12
10
20
 -47.3 -36.8 -26.3 -15.8 -5.3 5.3 15.8 26.3 36.8 47.3 
6
20
 -45.0 -27.0 -9.0 9.0 27.0 45.0 
4
20
 -48.0 -16.0 16.0 48.0 
4
20
 -37.5 -12.5 12.5 37.5 
4
20
 -30.0 -10.0 10.0 30.0 
4
20
 -22.5 -7.5 7.5 22.5 
4
20
 -15.0 -5.0 5.0 15.0 
2
20
 -2.5 2.5 
8
16
 -47.3 -33.8 -20.3 -6.8 6.8 20.3 33.8 47.3 
5
12
3
12
2
12
5
12
