         4
Железобетонные пролетные строения Lo=15.0 Lп-16.5
Лентрансмостпроект, 1946г., утв. МПС 1948г. Инв.ь 2891
дополнения к проекту Лентрансмостпроект, 1952г.
*

         1
        35
         1         0         1         0
         0      1550        25      1525
      1650
         2
       110       290
         0
         0
       200       200
         0
        10
        15       180
        10       215
        10       215
        10       215
        30       230
       370       230
       390       215
       390       215
       390       215
       385       180

         0         0         0         0
         8
         2         2         2         2         2         2         2         2
    11.310     3.927    10.179     4.524    11.310     3.927         0         0
         3   177.500   100.500   177.500         3   167.500   100.500   156.500       150   164.500   119.500   154.500       150   177.500   119.500   177.500       150   164.500       200   164.500       150   177.500       200   177.500         3   177.500         3   177.500         3   167.500         3   167.500
         0

         3
         0       775      1550
         2        13         3        12
         5         9
         1         0
        14
    97.500         0    97.500       154         0       165         0       165         0       180         0       215        10       215        10       215        15       180       200       180       200       162       153       162   122.500       152   122.500         0
         0

         9
    49.260       -44        -7   131.500    11.500
    12.315       -48        25    89.600    17.400
    36.945       -41       115     6.600    17.400
    24.630        66       215     7.200    23.800
    24.630       162       305     6.800    30.200
    24.630       256       405     7.200    23.800
    12.315       362       505     6.800    30.200
    12.315       462       605     6.800    30.200
    12.315       590       730         7        33
         1
      1595     2.011        20
        10
       -48      1598     4.600    49.260
        -7      1557    11.500    49.260
        25      1525    17.400    12.315
       115      1435    17.400    36.945
       215      1335    23.800    24.630
       305      1245    30.200    24.630
       405      1145    23.800    24.630
       505      1045    30.200    12.315
       605       945    30.200    12.315
       730       820        33    12.315
         1
       -48      1598     6.500     4.524
         0         0         0         0
         8
         2         2         2         2         2         2         2         2
    11.310     3.927    10.179     4.524    11.310     3.927         0         0
   299.500   177.500       397   177.500   299.500   156.500       397   167.500       250   164.500   280.500   154.500       250   177.500   280.500   177.500       200   164.500       250   164.500       200   177.500       250   177.500       397   177.500       397   177.500       397   167.500       397   167.500
         0

         3
         0       775      1550
         2        13         3        12
         6        10
         0         1
        14
   277.500         0   277.500       152       247       162       200       162       200       180       385       180       390       215       390       215       400       215       400       180       400       165       400       165   302.500       154   302.500         0
         0

         9
    49.260       -44        -7   131.500    11.500
    12.315       -48        25    89.600    17.400
    36.945       -41       115     6.600    17.400
    24.630        66       215     7.200    23.800
    24.630       162       305     6.800    30.200
    24.630       256       405     7.200    23.800
    12.315       362       505     6.800    30.200
    12.315       462       605     6.800    30.200
    12.315       590       730         7        33
         1
      1595     2.011        20
        10
       -48      1598     4.600    49.260
        -7      1557    11.500    49.260
        25      1525    17.400    12.315
       115      1435    17.400    36.945
       215      1335    23.800    24.630
       305      1245    30.200    24.630
       405      1145    23.800    24.630
       505      1045    30.200    12.315
       605       945    30.200    12.315
       730       820        33    12.315
         1
       -48      1598     6.500     4.524
         1
8
28
 -10.5 -7.5 -4.5 -1.5 1.5 4.5 7.5 10.5 
8
28
 -10.5 -7.5 -4.5 -1.5 1.5 4.5 7.5 10.5 
2
28
 -10.5 10.5 
6
28
 -10.5 -6.3 -2.1 2.1 6.3 10.5 
4
28
 -10.5 -3.5 3.5 10.5 
4
28
 -10.5 -3.5 3.5 10.5 
4
28
 -10.5 -3.5 3.5 10.5 
2
28
 -10.5 10.5 
2
28
 -10.5 10.5 
2
28
 -10.5 10.5 
4
12
 -10.5 -3.5 3.5 10.5 
10
12
5
10
9
12
4
12
10
12
5
10
0
8
0
8
8
28
 -10.5 -7.5 -4.5 -1.5 1.5 4.5 7.5 10.5 
8
28
 -10.5 -7.5 -4.5 -1.5 1.5 4.5 7.5 10.5 
2
28
 -10.5 10.5 
6
28
 -10.5 -6.3 -2.1 2.1 6.3 10.5 
4
28
 -10.5 -3.5 3.5 10.5 
4
28
 -10.5 -3.5 3.5 10.5 
4
28
 -10.5 -3.5 3.5 10.5 
2
28
 -10.5 10.5 
2
28
 -10.5 10.5 
2
28
 -10.5 10.5 
4
12
 -10.5 -3.5 3.5 10.5 
10
12
5
10
9
12
4
12
10
12
5
10
0
8
0
8
