         4
Железобетонные пролетные строения Lo=12.80 Lп=14.30
Лентрансмостпроект, 1946г. Утв. МПС в 1948 г., Инв.ь 2891
доп. к пректу в 1952гю (замена гладкой ар-ры на периодич.)
*

         1
        30
         1         0         1         0
         0      1330        25      1305
      1430
         2
       110       290
         0
         0
       200       200
         0
        10
        15       175
        10       210
        10       210
        10       210
        30       225
       370       225
       390       210
       390       210
       390       210
       385       175

         0         0         0         0
         8
         2         2         2         2         2         2         2         2
    11.310     3.927    10.179     4.524    11.310     3.927         0         0
         3   172.500   100.500   172.500         3   162.500   100.500   149.500       150   159.500   119.500   149.500       150   172.500   119.500   172.500       150   159.500       200   159.500       150   172.500       200   172.500         3   172.500         3   172.500         3   162.500         3   162.500
         0

         3
         0       665      1330
         2        13         3        12
         5         9
         1         0
        14
    97.500         0    97.500       147         0       160         0       160         0       175         0       210        10       210        10       210        15       175       200       175       200       157       153       157   122.500       147   122.500         0
         0

         7
    12.315       -48       -10       126        11
    12.315       -45        30    82.600    17.400
    36.945       -22       135         7        11
    24.630        94       245     6.600    17.400
    24.630       231       375     7.200    23.800
    12.315       351       495     7.200    23.800
    12.315       483       625     6.400    26.600
         1
      1375     2.011        20
         8
       -48      1378     4.600    49.260
       -10      1340        11    12.315
        30      1300    17.400    12.315
       135      1195        11    36.945
       245      1085    17.400    24.630
       375       955    23.800    24.630
       495       835    23.800    12.315
       625       705    26.600    12.315
         1
       -48      1378     6.500     4.524
         0         0         0         0
         8
         2         2         2         2         2         2         2         2
    11.310     3.927    10.179     4.524    11.310     3.927         0         0
   299.500   172.500       397   172.500   299.500   149.500       397   162.500       250   159.500   280.500   149.500       250   172.500   280.500   172.500       200   159.500       250   159.500       200   172.500       250   172.500       397   172.500       397   172.500       397   162.500       397   162.500
         0

         3
         0       665      1330
         2        13         3        12
         6        10
         0         1
        14
   277.500         0   277.500       147       247       157       200       157       200       175       385       175       390       210       390       210       400       210       400       175       400       160       400       160   302.500       147   302.500         0
         0

         7
    12.315       -48       -10       126        11
    12.315       -45        30    82.600    17.400
    36.945       -22       135         7        11
    24.630        94       245     6.600    17.400
    24.630       231       375     7.200    23.800
    12.315       351       495     7.200    23.800
    12.315       483       625     6.400    26.600
         1
      1375     2.011        20
         8
       -48      1378     4.600    49.260
       -10      1340        11    12.315
        30      1300    17.400    12.315
       135      1195        11    36.945
       245      1085    17.400    24.630
       375       955    23.800    24.630
       495       835    23.800    12.315
       625       705    26.600    12.315
         1
       -48      1378     6.500     4.524
         1
8
28
 -10.5 -7.5 -4.5 -1.5 1.5 4.5 7.5 10.5 
2
28
 -10.5 10.5 
2
28
 -10.5 10.5 
6
28
 -10.5 -6.3 -2.1 2.1 6.3 10.5 
4
28
 -10.5 -3.5 3.5 10.5 
4
28
 -10.5 -3.5 3.5 10.5 
2
28
 -10.5 10.5 
2
28
 -10.5 10.5 
4
12
 -10.5 -3.5 3.5 10.5 
10
12
5
10
9
12
4
12
10
12
5
10
0
8
0
8
8
28
 -10.5 -7.5 -4.5 -1.5 1.5 4.5 7.5 10.5 
2
28
 -10.5 10.5 
2
28
 -10.5 10.5 
6
28
 -10.5 -6.3 -2.1 2.1 6.3 10.5 
4
28
 -10.5 -3.5 3.5 10.5 
4
28
 -10.5 -3.5 3.5 10.5 
2
28
 -10.5 10.5 
2
28
 -10.5 10.5 
4
12
 -10.5 -3.5 3.5 10.5 
10
12
5
10
9
12
4
12
10
12
5
10
0
8
0
8
