         2
n4_1200.60
*

         1
        20
         1         1         1         1
         0      1250        25      1225
      1350
         4
        55       245       357       547
         0
         0
       301       301
         1
        10
        14       110
        10       140
        10       140
        10       140
        35       160
       567       160
       592       140
       592       140
       592       140
       588       110

         0         0         0         0
         8
         2         2         2         2         2         2         2         2
    13.572     2.513    13.572     2.513    13.572     2.513    12.441     4.524
         3       108         0       108         3       100         0       100         0       108        33       108         0       100        33        95        77       108       115       108        77       100       115       100       115       100       150       100       115       108       150       108
         0

         3
         0       625      1250
         2        12         3        12
         5         9
         1         0
        13
        30         0        30        95         0        98         0        98         0       110         0       140        10       140        10       140        14       110       150       110       150        98        80        98        80         0
         0

        15
    18.473       -45        25    26.300    13.700
     6.158       -15        75     6.300    13.700
    12.315       -16        69     8.200    16.800
    18.473        35       125     3.200    16.800
     6.158        85       175     3.200    16.800
    12.315        84       169     7.100    22.900
    18.473       145       225     7.100    22.900
     6.158       205       285     7.100    22.900
    12.315       199       279     4.100    25.900
    12.315       260       335     9.100    25.900
    12.315       320       395     9.100    25.900
    12.315       390       460         8        32
    12.315       455       525         8        32
    12.315       520       590         8        32
     6.158       519       584     9.900    35.100
         1
      1295     2.011        20
        18
       -45      1295     4.600    36.945
       -45      1295     7.600    36.945
       -45      1295    13.700    12.315
        25      1225    13.700    18.473
        75      1175    13.700     6.158
        69      1181    16.800    12.315
       125      1125    16.800    18.473
       175      1075    16.800     6.158
       169      1081    22.900    12.315
       225      1025    22.900    18.473
       285       965    22.900     6.158
       279       971    25.900    12.315
       335       915    25.900    12.315
       395       855    25.900    12.315
       460       790        32    12.315
       525       725        32    12.315
       590       660        32    12.315
       584       666    35.100     6.158
         1
       -45      1295         6     4.524

         8
         2         2         2         2         2         2         2         2
    12.441     4.524    13.572     2.513    13.572     2.513    12.441     4.524
       150       100       185       100       150       108       185       108       185       108       223       108       185       100       223       100       267       108   285.500       108       267       100   285.500       100   285.500       100       301       100   285.500       108       301       108
         0

         3
         0       625      1250
         2         7         2         7
         0         0
         8
       220         0       220        98       150        98       150       110       301       110       301        98       270        98       270         0
         0

        15
    18.473       -45        25    26.300    13.700
     6.158       -15        75     6.300    13.700
    12.315       -16        69     8.200    16.800
    18.473        35       125     3.200    16.800
     6.158        85       175     3.200    16.800
    12.315        84       169     7.100    22.900
    18.473       145       225     7.100    22.900
     6.158       205       285     7.100    22.900
    12.315       199       279     4.100    25.900
    12.315       260       335     9.100    25.900
    12.315       320       395     9.100    25.900
    12.315       390       460         8        32
    12.315       455       525         8        32
    12.315       520       590         8        32
     6.158       519       584     9.900    35.100
         1
      1295     2.011        20
        18
       -45      1295     4.600    36.945
       -45      1295     7.600    36.945
       -45      1295    13.700    12.315
        25      1225    13.700    18.473
        75      1175    13.700     6.158
        69      1181    16.800    12.315
       125      1125    16.800    18.473
       175      1075    16.800     6.158
       169      1081    22.900    12.315
       225      1025    22.900    18.473
       285       965    22.900     6.158
       279       971    25.900    12.315
       335       915    25.900    12.315
       395       855    25.900    12.315
       460       790        32    12.315
       525       725        32    12.315
       590       660        32    12.315
       584       666    35.100     6.158
         1
       -45      1295         6     4.524

         8
         2         2         2         2         2         2         2         2
    12.441     4.524    13.572     2.513    13.572     2.513    12.441     4.524
       301       100   316.500       100       301       108   316.500       108   316.500       108       335       108   316.500       100       335       100       379       108       417       108       379       100       417       100       417       100       452       100       417       108       452       108
         0

         3
         0       625      1250
         2         7         2         7
         0         0
         8
       332         0       332        98       301        98       301       110       452       110       452        98       382        98       382         0
         0

        15
    18.473       -45        25    26.300    13.700
     6.158       -15        75     6.300    13.700
    12.315       -16        69     8.200    16.800
    18.473        35       125     3.200    16.800
     6.158        85       175     3.200    16.800
    12.315        84       169     7.100    22.900
    18.473       145       225     7.100    22.900
     6.158       205       285     7.100    22.900
    12.315       199       279     4.100    25.900
    12.315       260       335     9.100    25.900
    12.315       320       395     9.100    25.900
    12.315       390       460         8        32
    12.315       455       525         8        32
    12.315       520       590         8        32
     6.158       519       584     9.900    35.100
         1
      1295     2.011        20
        18
       -45      1295     4.600    36.945
       -45      1295     7.600    36.945
       -45      1295    13.700    12.315
        25      1225    13.700    18.473
        75      1175    13.700     6.158
        69      1181    16.800    12.315
       125      1125    16.800    18.473
       175      1075    16.800     6.158
       169      1081    22.900    12.315
       225      1025    22.900    18.473
       285       965    22.900     6.158
       279       971    25.900    12.315
       335       915    25.900    12.315
       395       855    25.900    12.315
       460       790        32    12.315
       525       725        32    12.315
       590       660        32    12.315
       584       666    35.100     6.158
         1
       -45      1295         6     4.524
         0         0         0         0
         8
         2         2         2         2         2         2         2         2
    13.572     2.513    13.572     2.513    13.572     2.513    12.441     4.524
       599       108       602       108       599       100       602       100       602       108       569       108       602       100       569        95       525       108       487       108       525       100       487       100       487       100       452       100       487       108       452       108
         0

         3
         0       625      1250
         2        12         2        11
         5         9
         0         1
        13
       522         0       522        98       452        98       452       110       588       110       592       140       592       140       602       140       602       110       602        98       602        98       572        95       572         0
         0

        15
    18.473       -45        25    26.300    13.700
     6.158       -15        75     6.300    13.700
    12.315       -16        69     8.200    16.800
    18.473        35       125     3.200    16.800
     6.158        85       175     3.200    16.800
    12.315        84       169     7.100    22.900
    18.473       145       225     7.100    22.900
     6.158       205       285     7.100    22.900
    12.315       199       279     4.100    25.900
    12.315       260       335     9.100    25.900
    12.315       320       395     9.100    25.900
    12.315       390       460         8        32
    12.315       455       525         8        32
    12.315       520       590         8        32
     6.158       519       584     9.900    35.100
         1
      1295     2.011        20
        18
       -45      1295     4.600    36.945
       -45      1295     7.600    36.945
       -45      1295    13.700    12.315
        25      1225    13.700    18.473
        75      1175    13.700     6.158
        69      1181    16.800    12.315
       125      1125    16.800    18.473
       175      1075    16.800     6.158
       169      1081    22.900    12.315
       225      1025    22.900    18.473
       285       965    22.900     6.158
       279       971    25.900    12.315
       335       915    25.900    12.315
       395       855    25.900    12.315
       460       790        32    12.315
       525       725        32    12.315
       590       660        32    12.315
       584       666    35.100     6.158
         1
       -45      1295         6     4.524
         1
6
28
 -23.0 -13.8 -4.6 4.6 13.8 23.0 
6
28
 -23.0 -13.8 -4.6 4.6 13.8 23.0 
2
28
 -15.0 15.0 
3
28
 -23.0 0.0 23.0 
1
28
 0.0 
2
28
 -15.0 15.0 
3
28
 -23.0 0.0 23.0 
1
28
 0.0 
2
28
 -15.0 15.0 
3
28
 -23.0 0.0 23.0 
1
28
 0.0 
2
28
 -23.0 23.0 
2
28
 -15.0 15.0 
2
28
 -7.5 7.5 
2
28
 -23.0 23.0 
2
28
 -15.0 15.0 
2
28
 -7.5 7.5 
1
28
 0.0 
4
12
 -23.0 -7.6 7.7 23.0 
12
12
5
8
12
12
5
8
12
12
5
8
11
12
4
12
6
28
 -23.0 -13.8 -4.6 4.6 13.8 23.0 
6
28
 -23.0 -13.8 -4.6 4.6 13.8 23.0 
2
28
 -15.0 15.0 
3
28
 -23.0 0.0 23.0 
1
28
 0.0 
2
28
 -15.0 15.0 
3
28
 -23.0 0.0 23.0 
1
28
 0.0 
2
28
 -15.0 15.0 
3
28
 -23.0 0.0 23.0 
1
28
 0.0 
2
28
 -23.0 23.0 
2
28
 -15.0 15.0 
2
28
 -7.5 7.5 
2
28
 -23.0 23.0 
2
28
 -15.0 15.0 
2
28
 -7.5 7.5 
1
28
 0.0 
4
12
 -23.0 -7.6 7.7 23.0 
12
12
5
8
12
12
5
8
12
12
5
8
11
12
4
12
6
28
 -23.0 -13.8 -4.6 4.6 13.8 23.0 
6
28
 -23.0 -13.8 -4.6 4.6 13.8 23.0 
2
28
 -15.0 15.0 
3
28
 -23.0 0.0 23.0 
1
28
 0.0 
2
28
 -15.0 15.0 
3
28
 -23.0 0.0 23.0 
1
28
 0.0 
2
28
 -15.0 15.0 
3
28
 -23.0 0.0 23.0 
1
28
 0.0 
2
28
 -23.0 23.0 
2
28
 -15.0 15.0 
2
28
 -7.5 7.5 
2
28
 -23.0 23.0 
2
28
 -15.0 15.0 
2
28
 -7.5 7.5 
1
28
 0.0 
4
12
 -23.0 -7.6 7.7 23.0 
12
12
5
8
12
12
5
8
12
12
5
8
11
12
4
12
6
28
 -23.0 -13.8 -4.6 4.6 13.8 23.0 
6
28
 -23.0 -13.8 -4.6 4.6 13.8 23.0 
2
28
 -15.0 15.0 
3
28
 -23.0 0.0 23.0 
1
28
 0.0 
2
28
 -15.0 15.0 
3
28
 -23.0 0.0 23.0 
1
28
 0.0 
2
28
 -15.0 15.0 
3
28
 -23.0 0.0 23.0 
1
28
 0.0 
2
28
 -23.0 23.0 
2
28
 -15.0 15.0 
2
28
 -7.5 7.5 
2
28
 -23.0 23.0 
2
28
 -15.0 15.0 
2
28
 -7.5 7.5 
1
28
 0.0 
4
12
 -23.0 -7.6 7.7 23.0 
12
12
5
8
12
12
5
8
12
12
5
8
11
12
4
12
