3
ДВУХБЛОЧНОЕ Ж.Б.П.С. ПОД НАГРУЗКУ Н8 - 1931 г.  Инв N 2891 
Lo = 1280 см.    Lп = 1430 см.
n2_1280.43
  1.000
 30.000
  1.000
  0.000
  1.000
  0.000
  0.000
1360.000
 16.500
1343.500
1430.000
  2.000
110.000
290.000
  0.000
  0.000
200.000
200.000
  1.000
  6.000
 15.000
175.000
 10.000
210.000
 40.000
225.000
360.000
225.000
390.000
210.000
385.000
175.000
  0.700
  0.000
  0.000
  0.000
  5.000
  2.000
  5.000
  5.000
  2.000
  3.000
  4.524
  3.393
  3.393
  3.393
  3.925
  3.000
172.400
200.000
172.400
 31.000
159.000
 43.000
172.400
139.000
172.400
152.000
159.600
200.000
159.600
 49.000
157.000
 63.000
172.400
139.000
172.400
152.000
159.600
200.000
159.600
120.000
159.600
200.000
159.600
  3.000
162.000
120.000
149.000
170.000
165.000
  0.000
  7.000
  0.000
350.000
370.000
680.000
990.000
1010.000
1360.000
 13.000
  6.000
 13.000
  5.000
 15.000
  2.000
  1.000
  0.000
 16.000
 10.000
210.000
 15.000
175.000
200.000
175.000
200.000
157.000
153.000
157.000
130.500
147.000
130.500
 31.000
130.500
 26.000
130.500
  0.000
 89.500
  0.000
 89.500
 26.000
 89.500
 31.000
 89.500
149.000
  0.000
160.000
  0.000
175.000
  0.000
210.000
  0.000
  4.000
  6.000
  7.000
 12.000
 13.000
122.500
147.000
122.500
 31.000
 97.500
 31.000
 97.500
149.000
  0.000
  8.000
 12.315
-28.000
  8.000
126.000
 11.000
 12.315
-28.000
 45.000
 83.000
 17.400
 36.945
 -7.000
150.000
  6.500
 11.000
 24.630
109.000
260.000
  6.500
 17.400
 12.315
239.000
390.000
  6.500
 17.400
 12.315
239.000
383.600
  6.500
 23.800
 12.315
360.000
510.000
  6.500
 23.800
 12.315
495.000
640.000
  6.500
 26.600
  1.000
1420.000
  2.010
 20.000
  9.000
-30.000
1390.000
  4.600
 49.260
  8.000
1352.000
 11.000
 12.315
 45.000
1315.000
 17.400
 12.315
150.000
1210.000
 11.000
 36.945
260.000
1100.000
 17.400
 24.630
390.000
970.000
 17.400
 12.315
383.600
976.400
 23.800
 12.315
510.000
850.000
 23.800
 12.315
640.000
720.000
 26.600
 12.315
  1.000
-30.000
1390.000
  6.500
  4.524
  0.700
400.000
  0.000
  0.000
  5.000
  2.000
  5.000
  5.000
  2.000
  3.000
  4.524
  3.393
  3.393
  3.393
  3.925
397.000
172.400
200.000
172.400
369.000
159.000
357.000
172.400
261.000
172.400
248.000
159.600
200.000
159.600
351.000
157.000
337.000
172.400
261.000
172.400
248.000
159.600
200.000
159.600
280.000
159.600
200.000
159.600
397.000
162.000
280.000
149.000
230.000
165.000
  0.000
  7.000
  0.000
350.000
370.000
680.000
990.000
1010.000
1360.000
 14.000
  7.000
 15.000
  7.000
  2.000
  5.000
  0.000
  1.000
 16.000
200.000
175.000
385.000
175.000
390.000
210.000
400.000
210.000
400.000
175.000
400.000
160.000
310.500
149.000
310.500
 31.000
310.500
 26.000
310.500
  0.000
269.500
  0.000
269.500
 26.000
269.500
 31.000
269.500
147.000
247.000
157.000
200.000
157.000
  0.000
  4.000
  7.000
  8.000
 13.000
 14.000
302.500
149.000
302.500
 31.000
277.500
 31.000
277.500
147.000
  0.000
  8.000
 12.315
-28.000
  8.000
126.000
 11.000
 12.315
-28.000
 45.000
 83.000
 17.400
 36.945
 -7.000
150.000
  6.500
 11.000
 24.630
109.000
260.000
  6.500
 17.400
 12.315
239.000
390.000
  6.500
 17.400
 12.315
239.000
383.600
  6.500
 23.800
 12.315
360.000
510.000
  6.500
 23.800
 12.315
495.000
640.000
  6.500
 26.600
  1.000
1420.000
  2.010
 20.000
  9.000
-30.000
1390.000
  4.600
 49.260
  8.000
1352.000
 11.000
 12.315
 45.000
1315.000
 17.400
 12.315
150.000
1210.000
 11.000
 36.945
260.000
1100.000
 17.400
 24.630
390.000
970.000
 17.400
 12.315
383.600
976.400
 23.800
 12.315
510.000
850.000
 23.800
 12.315
640.000
720.000
 26.600
 12.315
  1.000
-30.000
1390.000
  6.500
  4.524
  1.000
8
28
 -17.5 -12.5 -7.5 -2.5 2.5 7.5 12.5 17.5 
2
28
 -7.5 7.5 
2
28
 -9.0 9.0 
6
28
 -17.5 -10.5 -3.5 3.5 10.5 17.5 
4
28
 -18.0 -6.0 6.0 18.0 
2
28
 -14.0 14.0 
2
28
 -18.5 18.5 
2
28
 -9.3 9.3 
2
28
 -18.5 18.5 
4
12
 -18.4 -6.2 6.2 18.4 
4
12
3
12
3
12
3
12
5
10
8
28
 -17.5 -12.5 -7.5 -2.5 2.5 7.5 12.5 17.5 
2
28
 -7.5 7.5 
2
28
 -9.0 9.0 
6
28
 -17.5 -10.5 -3.5 3.5 10.5 17.5 
4
28
 -18.0 -6.0 6.0 18.0 
2
28
 -14.0 14.0 
2
28
 -18.5 18.5 
2
28
 -9.3 9.3 
2
28
 -18.5 18.5 
4
12
 -18.4 -6.2 6.2 18.4 
4
12
3
12
3
12
3
12
5
10
