3
ΕΓΥΧΡΖΒΡΙΣΤΟΖ Η.Β.Π.Σ. ΠΟΕ ΞΑΔΡΥΘΛΥ Ξ8 - 1931 μ.  Ιφλ. N 2891 
Lo = 1500 άυ.    Lψ = 1650 άυ.
n2_1500.43
  1.000
 35.000
  1.000
  0.000
  1.000
  0.000
  0.000
1580.000
 17.500
1562.500
1650.000
  2.000
110.000
290.000
  0.000
  0.000
200.000
200.000
  1.000
  6.000
 15.000
180.000
 10.000
215.000
 40.000
245.000
360.000
245.000
390.000
215.000
385.000
180.000
  0.700
  0.000
  0.000
  0.000
  5.000
  2.000
  5.000
  5.000
  2.000
  3.000
  4.524
  3.393
  3.393
  3.393
  3.925
  3.000
177.400
200.000
177.400
 31.000
164.000
 43.000
177.400
139.000
177.400
152.000
164.600
200.000
164.600
 49.000
162.000
 63.000
177.400
139.000
177.400
152.000
164.600
200.000
164.600
120.000
164.600
200.000
164.600
  3.000
167.000
120.000
154.000
170.000
170.000
  0.000
  7.000
  0.000
355.000
380.000
790.000
1200.000
1225.000
1580.000
 13.000
  6.000
 13.000
  5.000
 15.000
  2.000
  1.000
  0.000
 16.000
 10.000
215.000
 15.000
180.000
200.000
180.000
200.000
162.000
153.000
162.000
130.500
152.000
130.500
 37.000
130.500
 32.000
130.500
  0.000
 89.500
  0.000
 89.500
 32.000
 89.500
 37.000
 89.500
154.000
  0.000
165.000
  0.000
180.000
  0.000
215.000
  0.000
  4.000
  6.000
  7.000
 12.000
 13.000
122.500
152.000
122.500
 37.000
 97.500
 37.000
 97.500
154.000
  0.000
  9.000
 49.260
-30.000
  8.000
131.000
 11.000
 12.315
-30.000
 40.000
 88.000
 17.400
 36.945
-25.000
130.000
  6.500
 17.400
 24.630
 80.000
230.000
  6.500
 23.800
 24.630
180.000
320.000
  6.500
 30.200
 24.630
280.000
420.000
  6.500
 23.800
 12.315
380.000
520.000
  6.500
 30.200
 12.315
480.000
620.000
  6.500
 30.200
 12.315
605.000
745.000
  6.500
 33.000
  1.000
1640.000
  2.010
 20.000
 10.000
-30.000
1610.000
  4.600
 49.260
  8.000
1572.000
 11.000
 49.260
 40.000
1540.000
 17.400
 12.315
130.000
1450.000
 17.400
 36.945
230.000
1350.000
 23.800
 24.630
320.000
1260.000
 30.200
 24.630
420.000
1160.000
 23.800
 24.630
520.000
1060.000
 30.200
 12.315
620.000
960.000
 30.200
 12.315
745.000
835.000
 33.000
 12.315
  1.000
-30.000
1610.000
  6.500
  4.524
  0.700
400.000
  0.000
  0.000
  5.000
  2.000
  5.000
  5.000
  2.000
  3.000
  4.524
  3.393
  3.393
  3.393
  3.925
397.000
177.400
200.000
177.400
369.000
164.000
357.000
177.400
261.000
177.400
248.000
164.600
200.000
164.600
351.000
162.000
337.000
177.400
261.000
177.400
248.000
164.600
200.000
164.600
280.000
164.600
200.000
164.600
397.000
167.000
280.000
154.000
230.000
170.000
  0.000
  7.000
  0.000
355.000
380.000
790.000
1200.000
1225.000
1580.000
 14.000
  7.000
 15.000
  7.000
  2.000
  5.000
  0.000
  1.000
 16.000
200.000
180.000
385.000
180.000
390.000
215.000
400.000
215.000
400.000
180.000
400.000
165.000
310.500
152.000
310.500
 37.000
310.500
 32.000
310.500
  0.000
269.500
  0.000
269.500
 32.000
269.500
 37.000
269.500
152.000
247.000
162.000
200.000
162.000
  0.000
  4.000
  7.000
  8.000
 13.000
 14.000
302.500
154.000
302.500
 37.000
277.500
 37.000
277.500
152.000
  0.000
  9.000
 49.260
-30.000
  8.000
131.000
 11.000
 12.315
-30.000
 40.000
 88.000
 17.400
 36.945
-25.000
130.000
  6.500
 17.400
 24.630
 80.000
230.000
  6.500
 23.800
 24.630
180.000
320.000
  6.500
 30.200
 24.630
280.000
420.000
  6.500
 23.800
 12.315
380.000
520.000
  6.500
 30.200
 12.315
480.000
620.000
  6.500
 30.200
 12.315
605.000
745.000
  6.500
 33.000
  1.000
1640.000
  2.010
 20.000
 10.000
-30.000
1610.000
  4.600
 49.260
  8.000
1572.000
 11.000
 49.260
 40.000
1540.000
 17.400
 12.315
130.000
1450.000
 17.400
 36.945
230.000
1350.000
 23.800
 24.630
320.000
1260.000
 30.200
 24.630
420.000
1160.000
 23.800
 24.630
520.000
1060.000
 30.200
 12.315
620.000
960.000
 30.200
 12.315
745.000
835.000
 33.000
 12.315
  1.000
-30.000
1610.000
  6.500
  4.524
  1.000
8
28
 -17.5 -12.5 -7.5 -2.5 2.5 7.5 12.5 17.5 
8
28
 -17.5 -12.5 -7.5 -2.5 2.5 7.5 12.5 17.5 
2
28
 -15.0 15.0 
6
28
 -17.5 -10.5 -3.5 3.5 10.5 17.5 
4
28
 -18.0 -6.0 6.0 18.0 
4
28
 -18.0 -6.0 6.0 18.0 
4
28
 -9.0 -3.0 3.0 9.0 
2
28
 -15.0 15.0 
2
28
 -10.0 10.0 
2
28
 -18.5 18.5 
4
12
 -18.0 -6.0 6.0 18.0 
4
12
3
12
3
12
3
12
5
10
8
28
 -17.5 -12.5 -7.5 -2.5 2.5 7.5 12.5 17.5 
8
28
 -17.5 -12.5 -7.5 -2.5 2.5 7.5 12.5 17.5 
2
28
 -15.0 15.0 
6
28
 -17.5 -10.5 -3.5 3.5 10.5 17.5 
4
28
 -18.0 -6.0 6.0 18.0 
4
28
 -18.0 -6.0 6.0 18.0 
4
28
 -9.0 -3.0 3.0 9.0 
2
28
 -15.0 15.0 
2
28
 -10.0 10.0 
2
28
 -18.5 18.5 
4
12
 -18.0 -6.0 6.0 18.0 
4
12
3
12
3
12
3
12
5
10
