         2
n2_1200.45
*

         1
        25
         1         1         1         1
         0      1250        25      1225
      1350
         2
       110       290
         0
         0
       200       200
         0
        10
        15       170
        10       205
        10       205
        10       205
        35       220
       365       220
       390       205
       390       205
       390       205
       385       170

         0         0         0         0
         8
         2         2         2         2         2         2         2         2
    11.310     3.927     3.927     7.917    11.310     3.927         0         0
         3       168        93       168         3       157        93       146       197       154       127       144       197       168       127       168       197       154       200       154       197       168       200       168         3       168         3       168         3       157         3       157
         0

         3
         0       625      1250
         2        13         3        12
         5         9
         1         1
        14
        90         0        90       144         0       155         0       155         0       170         0       205        10       205        10       205        15       170       200       170       200       152       200       152       130       142       130         0
         0

         9
    21.237       -45       -10   124.600    10.400
    10.619       -45        25    83.700    16.300
    21.237       -45       100    14.600    10.400
    21.237        30       175     8.700    16.300
    21.237       130       270     7.800    22.200
    10.619       235       380     8.700    16.300
    10.619   233.500   373.500     7.800    22.200
    10.619       345       485     7.800    22.200
    10.619       470       605     9.500    25.500
         1
      1295     2.011        20
        10
       -45      1295     4.500    42.474
       -10      1260    10.400    21.237
        25      1225    16.300    10.619
       100      1150    10.400    21.237
       175      1075    16.300    21.237
       270       980    22.200    21.237
       380       870    16.300    10.619
   373.500   876.500    22.200    10.619
       485       765    22.200    10.619
       605       645    25.500    10.619
         1
       -45      1295     6.500     4.524
         0         0         0         0
         8
         2         2         2         2         2         2         2         2
    11.310     3.927     3.927     7.917    11.310     3.927         0         0
       307       168       397       168       307       146       397       157       203       154       273       144       203       168       273       168       200       154       203       154       200       168       203       168       397       168       397       168       397       157       397       157
         0

         3
         0       625      1250
         2        13         3        12
         6        10
         1         1
        14
       270         0       270       142       200       152       200       152       200       170       385       170       390       205       390       205       400       205       400       170       400       155       400       155       310       144       310         0
         0

         9
    21.237       -45       -10   124.600    10.400
    10.619       -45        25    83.700    16.300
    21.237       -45       100    14.600    10.400
    21.237        30       175     8.700    16.300
    21.237       130       270     7.800    22.200
    10.619       235       380     8.700    16.300
    10.619   233.500   373.500     7.800    22.200
    10.619       345       485     7.800    22.200
    10.619       470       605     9.500    25.500
         1
      1295     2.011        20
        10
       -45      1295     4.500    42.474
       -10      1260    10.400    21.237
        25      1225    16.300    10.619
       100      1150    10.400    21.237
       175      1075    16.300    21.237
       270       980    22.200    21.237
       380       870    16.300    10.619
   373.500   876.500    22.200    10.619
       485       765    22.200    10.619
       605       645    25.500    10.619
         1
       -45      1295     6.500     4.524
         1
8
26
 -17.5 -12.5 -7.5 -2.5 2.5 7.5 12.5 17.5 
4
26
 -18.0 -6.0 6.0 18.0 
2
26
 -18.0 18.0 
4
26
 -9.0 -3.0 3.0 9.0 
4
26
 -9.0 -3.0 3.0 9.0 
4
26
 -18.0 -6.0 6.0 18.0 
2
26
 -15.0 15.0 
2
26
 -18.0 18.0 
2
26
 -12.0 12.0 
2
26
 -6.0 6.0 
4
12
 -18.0 -6.0 6.0 18.0 
10
12
5
10
5
10
7
12
10
12
5
10
0
8
0
8
8
26
 -17.5 -12.5 -7.5 -2.5 2.5 7.5 12.5 17.5 
4
26
 -18.0 -6.0 6.0 18.0 
2
26
 -18.0 18.0 
4
26
 -9.0 -3.0 3.0 9.0 
4
26
 -9.0 -3.0 3.0 9.0 
4
26
 -18.0 -6.0 6.0 18.0 
2
26
 -15.0 15.0 
2
26
 -18.0 18.0 
2
26
 -12.0 12.0 
2
26
 -6.0 6.0 
4
12
 -18.0 -6.0 6.0 18.0 
10
12
5
10
5
10
7
12
10
12
5
10
0
8
0
8
