         4
Ребристое крупно-блочное ПС проектировки Лентрансмостпроеки 1948г.э
Инв ь 2891
n2_1000.44
*

         1
        30
         1         1         1         1
         0      1050        25      1025
      1150
         2
       115       285
         0
         0
       200       200
         0
        10
        15       150
        10       185
        10       185
        10       185
        35       200
       365       200
       390       185
       390       185
       390       185
       385       150

         0         0         0         0
         8
         2         2         2         2         2         2         2         2
    14.703     3.927    10.179     4.524    14.703     3.927         0         0
         3       148        99       148         3       137        99       130       155       135       131       127       155       148       131       148       155       135       200       135       155       148       200       148         3       148         3       148         3       137         3       137
         0

         3
         0       525      1050
         2        13         3        12
         5         9
         1         0
        14
        96         0        96       128         0       135         0       135         0       150         0       185        10       185        10       185        15       150       200       150       200       133       158       133       134       125       134         0
         0

         7
    10.619       -45       -14   108.600    10.400
    10.619       -45        50    44.600    10.400
    21.237       -33       100     6.600    10.400
    21.237        58       185     6.700    16.300
    21.237       143       270     6.700    16.300
    10.619       263       385     5.800    22.200
    10.619       373       495     5.800    22.200
         1
      1095     2.011        20
         8
       -45      1095     4.500    42.474
       -14      1064    10.400    10.619
        50      1000    10.400    10.619
       100       950    10.400    21.237
       185       865    16.300    21.237
       270       780    16.300    21.237
       385       665    22.200    10.619
       495       555    22.200    10.619
         1
       -45      1095     6.500     4.524
         0         0         0         0
         8
         2         2         2         2         2         2         2         2
    14.703     3.927    10.179     4.524    14.703     3.927         0         0
       301       148       397       148       301       130       397       137       245       135       269       127       245       148       269       148       200       135       245       135       200       148       245       148       397       148       397       148       397       137       397       137
         0

         3
         0       525      1050
         2        13         3        12
         6        10
         0         1
        14
       266         0       266       125       242       133       200       133       200       150       385       150       390       185       390       185       400       185       400       150       400       135       400       135       304       128       304         0
         0

         7
    10.619       -45       -14   108.600    10.400
    10.619       -45        50    44.600    10.400
    21.237       -33       100     6.600    10.400
    21.237        58       185     6.700    16.300
    21.237       143       270     6.700    16.300
    10.619       263       385     5.800    22.200
    10.619       373       495     5.800    22.200
         1
      1095     2.011        20
         8
       -45      1095     4.500    42.474
       -14      1064    10.400    10.619
        50      1000    10.400    10.619
       100       950    10.400    21.237
       185       865    16.300    21.237
       270       780    16.300    21.237
       385       665    22.200    10.619
       495       555    22.200    10.619
         1
       -45      1095     6.500     4.524
         1
8
26
 -16.8 -12.0 -7.2 -2.4 2.4 7.2 12.0 16.8 
2
26
 -17.0 17.0 
2
26
 -10.0 10.0 
4
26
 -16.5 -5.5 5.5 16.5 
4
26
 -16.5 -5.5 5.5 16.5 
4
26
 -8.3 -2.8 2.8 8.3 
2
26
 -15.0 15.0 
2
26
 -5.0 5.0 
4
12
 -16.5 -5.5 5.5 16.5 
13
12
5
10
9
12
4
12
13
12
5
10
0
8
0
8
8
26
 -16.8 -12.0 -7.2 -2.4 2.4 7.2 12.0 16.8 
2
26
 -17.0 17.0 
2
26
 -10.0 10.0 
4
26
 -16.5 -5.5 5.5 16.5 
4
26
 -16.5 -5.5 5.5 16.5 
4
26
 -8.3 -2.8 2.8 8.3 
2
26
 -15.0 15.0 
2
26
 -5.0 5.0 
4
12
 -16.5 -5.5 5.5 16.5 
13
12
5
10
9
12
4
12
13
12
5
10
0
8
0
8
