3
типовой прект сборных ж.б. пролетных строений для многопутных мостов
под нагрузку Н8, Лентрансмостпроект, 1955г. Б инв. 7108 
*
  1.000
 40.000
  1.000
  1.000
  0.000
  1.000
  0.000
1050.000
 25.000
1025.000
1150.000
  2.000
 55.000
195.000
  0.000
  0.000
125.000
125.000
  0.000
 10.000
 14.000
 95.000
 10.000
125.000
 10.000
125.000
 10.000
125.000
 20.000
140.000
230.000
140.000
240.000
125.000
240.000
125.000
240.000
125.000
236.000
 95.000
  0.000
  0.000
  0.000
  0.000
  6.000
  2.000
  2.000
  2.000
  2.000
  2.000
  2.000
 13.572
  2.513
 12.441
  4.524
 13.572
  2.513
  3.000
 92.500
 33.000
 92.500
  3.000
 85.500
 33.000
 84.500
 94.000
 82.500
 77.000
 77.500
 94.000
 92.500
 77.000
 92.500
 94.000
 82.500
125.000
 82.500
 94.000
 92.500
125.000
 92.500
  0.000
  3.000
  0.000
525.000
1050.000
  2.000
 13.000
  3.000
 12.000
  5.000
  9.000
  1.000
  0.000
 14.000
 30.000
  0.000
 30.000
 82.000
  0.000
 83.000
  0.000
 83.000
  0.000
 95.000
  0.000
125.000
 10.000
125.000
 10.000
125.000
 14.000
 95.000
125.000
 95.000
125.000
 80.000
 97.000
 80.000
 80.000
 75.000
 80.000
  0.000
  0.000
 11.000
 12.315
-50.000
 -5.000
 42.400
  7.600
 12.315
-45.000
 35.000
  7.400
  7.600
 12.315
 -5.000
 70.000
  6.300
 13.700
 12.315
 45.000
120.000
  6.300
 13.700
 12.315
 95.000
170.000
  6.300
 13.700
 12.315
148.000
220.000
  6.200
 16.800
 12.315
198.000
270.000
  6.200
 16.800
 12.315
248.000
320.000
  6.200
 16.800
 12.315
314.000
380.000
  6.100
 22.900
  6.158
374.000
440.000
  6.100
 22.900
  6.158
434.000
500.000
  6.100
 22.900
  1.000
1140.000
  2.011
 20.000
 13.000
-48.000
1098.000
  4.600
 36.945
-48.000
1098.000
  7.600
 12.315
 -5.000
1055.000
  7.600
 12.315
 35.000
1015.000
  7.600
 12.315
 70.000
980.000
 13.700
 12.315
120.000
930.000
 13.700
 12.315
170.000
880.000
 13.700
 12.315
220.000
830.000
 16.800
 12.315
270.000
780.000
 16.800
 12.315
320.000
730.000
 16.800
 12.315
380.000
670.000
 22.900
 12.315
440.000
610.000
 22.900
  6.158
500.000
550.000
 22.900
  6.158
  1.000
-48.000
1098.000
  6.000
  4.524
  0.000
  0.000
  0.000
  0.000
  6.000
  2.000
  2.000
  2.000
  2.000
  2.000
  2.000
 13.572
  2.513
 12.441
  4.524
 13.572
  2.513
217.000
 92.500
247.000
 92.500
217.000
 84.500
247.000
 85.500
156.000
 82.500
173.000
 77.500
156.000
 92.500
173.000
 92.500
125.000
 82.500
156.000
 82.500
125.000
 92.500
156.000
 92.500
  0.000
  3.000
  0.000
525.000
1050.000
  2.000
 13.000
  3.000
 12.000
  6.000
 10.000
  0.000
  1.000
 14.000
170.000
  0.000
170.000
 75.000
153.000
 80.000
125.000
 80.000
125.000
 95.000
236.000
 95.000
240.000
125.000
240.000
125.000
250.000
125.000
250.000
 95.000
250.000
 83.000
250.000
 83.000
220.000
 82.000
220.000
  0.000
  0.000
 11.000
 12.315
-50.000
 -5.000
 42.400
  7.600
 12.315
-45.000
 35.000
  7.400
  7.600
 12.315
 -5.000
 70.000
  6.300
 13.700
 12.315
 45.000
120.000
  6.300
 13.700
 12.315
 95.000
170.000
  6.300
 13.700
 12.315
148.000
220.000
  6.200
 16.800
 12.315
198.000
270.000
  6.200
 16.800
 12.315
248.000
320.000
  6.200
 16.800
 12.315
314.000
380.000
  6.100
 22.900
  6.158
374.000
440.000
  6.100
 22.900
  6.158
434.000
500.000
  6.100
 22.900
  1.000
1140.000
  2.011
 20.000
 13.000
-48.000
1098.000
  4.600
 36.945
-48.000
1098.000
  7.600
 12.315
 -5.000
1055.000
  7.600
 12.315
 35.000
1015.000
  7.600
 12.315
 70.000
980.000
 13.700
 12.315
120.000
930.000
 13.700
 12.315
170.000
880.000
 13.700
 12.315
220.000
830.000
 16.800
 12.315
270.000
780.000
 16.800
 12.315
320.000
730.000
 16.800
 12.315
380.000
670.000
 22.900
 12.315
440.000
610.000
 22.900
  6.158
500.000
550.000
 22.900
  6.158
  1.000
-48.000
1098.000
  6.000
  4.524
  1.000
6
28
 -22.5 -13.5 -4.5 4.5 13.5 22.5 
2
28
 -23.0 23.0 
2
28
 -15.0 15.0 
2
28
 -7.5 7.5 
2
28
 -23.0 23.0 
2
28
 -15.0 15.0 
2
28
 -7.5 7.5 
2
28
 -23.0 23.0 
2
28
 -15.0 15.0 
2
28
 -7.5 7.5 
2
28
 -23.0 23.0 
1
28
 10.0 
1
28
 -10.0 
4
12
 -22.5 -7.5 7.5 22.5 
12
12
5
8
11
12
4
12
12
12
5
8
6
28
 -22.5 -13.5 -4.5 4.5 13.5 22.5 
2
28
 -23.0 23.0 
2
28
 -15.0 15.0 
2
28
 -7.5 7.5 
2
28
 -23.0 23.0 
2
28
 -15.0 15.0 
2
28
 -7.5 7.5 
2
28
 -23.0 23.0 
2
28
 -15.0 15.0 
2
28
 -7.5 7.5 
2
28
 -23.0 23.0 
1
28
 10.0 
1
28
 -10.0 
4
12
 -22.5 -7.5 7.5 22.5 
12
12
5
8
11
12
4
12
12
12
5
8
