3
n2_1067.44   Пролетное строение ,Лентрансмостпроект 1952 года 
инв. 2891  Lo=1067  Lp=1220
*
  1.000
 30.000
  1.000
  0.000
  1.000
  0.000
  0.000
1111.333
 22.167
1089.167
1220.000
  2.000
115.000
285.000
  0.000
  0.000
200.000
200.000
  0.000
 10.000
 15.000
160.000
 10.000
195.000
 10.000
195.000
 10.000
195.000
 20.000
210.000
380.000
210.000
390.000
195.000
390.000
195.000
390.000
195.000
385.000
160.000
  0.000
  0.000
  0.000
  0.000
  6.000
  2.000
  2.000
  2.000
  2.000
  2.000
  2.000
 18.096
  3.927
 10.179
  4.524
 18.096
  3.927
  3.000
157.500
110.000
157.500
  3.000
147.500
110.000
137.500
155.000
145.500
120.000
135.500
155.000
157.500
120.000
157.500
155.000
145.500
200.000
145.500
155.000
157.500
200.000
157.500
  0.000
  3.000
  0.000
555.667
1111.333
  4.000
 15.000
  5.000
 14.000
  7.000
 11.000
  1.000
  0.000
 18.000
 96.000
  0.000
 96.000
  0.000
 96.000
  0.000
 96.000
138.000
  0.000
145.000
  0.000
145.000
  0.000
160.000
  0.000
195.000
 10.000
195.000
 10.000
195.000
 15.000
160.000
200.000
160.000
200.000
143.000
158.000
143.000
134.000
135.000
134.000
  0.000
134.000
  0.000
134.000
  0.000
  6.000
  2.000
  3.000
  4.000
 15.000
 16.000
 17.000
 96.000
 24.000
104.000
 32.000
104.000
135.000
126.000
133.000
126.000
 32.000
134.000
 24.000
  8.000
  9.048
-45.000
-20.000
124.900
 10.100
 18.096
-45.000
 22.667
 81.900
 10.100
 18.096
-36.000
106.667
  6.900
 10.100
  9.048
-35.000
101.667
  7.200
 15.800
 18.096
 64.667
196.667
  6.500
 21.500
 18.096
169.667
306.667
  7.200
 15.800
  9.048
284.667
416.667
  6.500
 21.500
  9.048
394.667
526.667
  6.500
 21.500
  1.000
1200.000
  2.011
 20.000
  9.000
-49.000
1160.333
  4.400
 36.191
-20.000
1131.333
 10.100
  9.048
 22.667
1088.666
 10.100
 18.096
106.667
1004.666
 10.100
 18.096
101.667
1009.666
 15.800
  9.048
196.667
914.666
 21.500
 18.096
306.667
804.666
 15.800
 18.096
416.667
694.666
 21.500
  9.048
526.667
584.666
 21.500
  9.048
  1.000
-49.000
1160.333
  6.800
  4.524
  0.000
  0.000
  0.000
  0.000
  6.000
  2.000
  2.000
  2.000
  2.000
  2.000
  2.000
 18.096
  3.927
 10.179
  4.524
 18.096
  3.927
290.000
157.500
397.000
157.500
290.000
137.500
397.000
147.500
245.000
145.500
277.000
135.500
245.000
157.500
277.000
157.500
200.000
145.500
245.000
145.500
200.000
157.500
245.000
157.500
  0.000
  3.000
  0.000
555.667
1111.333
  4.000
 15.000
  5.000
 14.000
  8.000
 12.000
  0.000
  1.000
 18.000
266.000
  0.000
266.000
  0.000
266.000
  0.000
266.000
135.000
242.000
143.000
200.000
143.000
200.000
160.000
385.000
160.000
390.000
195.000
390.000
195.000
400.000
195.000
400.000
160.000
400.000
145.000
400.000
145.000
304.000
138.000
304.000
  0.000
304.000
  0.000
304.000
  0.000
  6.000
  2.000
  3.000
  4.000
 15.000
 16.000
 17.000
266.000
 24.000
274.000
 32.000
274.000
133.000
296.000
135.000
296.000
 32.000
304.000
 24.000
  8.000
  9.048
-45.000
-20.000
124.900
 10.100
 18.096
-45.000
 22.667
 81.900
 10.100
 18.096
-36.000
106.667
  6.900
 10.100
  9.048
-35.000
101.667
  7.200
 15.800
 18.096
 64.667
196.667
  6.500
 21.500
 18.096
169.667
306.667
  7.200
 15.800
  9.048
284.667
416.667
  6.500
 21.500
  9.048
394.667
526.667
  6.500
 21.500
  1.000
1200.000
  2.011
 20.000
  9.000
-49.000
1160.333
  4.400
 36.191
-20.000
1131.333
 10.100
  9.048
 22.667
1088.666
 10.100
 18.096
106.667
1004.666
 10.100
 18.096
101.667
1009.666
 15.800
  9.048
196.667
914.666
 21.500
 18.096
306.667
804.666
 15.800
 18.096
416.667
694.666
 21.500
  9.048
526.667
584.666
 21.500
  9.048
  1.000
-49.000
1160.333
  6.800
  4.524
  1.000
8
24
 -16.8 -12.0 -7.2 -2.4 2.4 7.2 12.0 16.8 
2
24
 -17.0 17.0 
4
24
 -15.0 -5.0 5.0 15.0 
4
24
 -10.5 -3.5 3.5 10.5 
2
24
 -17.0 17.0 
4
24
 -16.5 -5.5 5.5 16.5 
4
24
 -12.0 -4.0 4.0 12.0 
2
24
 -13.0 13.0 
2
24
 -6.5 6.5 
4
12
 -16.9 -5.7 5.7 16.9 
16
12
5
10
9
12
4
12
16
12
5
10
8
24
 -16.8 -12.0 -7.2 -2.4 2.4 7.2 12.0 16.8 
2
24
 -17.0 17.0 
4
24
 -15.0 -5.0 5.0 15.0 
4
24
 -10.5 -3.5 3.5 10.5 
2
24
 -17.0 17.0 
4
24
 -16.5 -5.5 5.5 16.5 
4
24
 -12.0 -4.0 4.0 12.0 
2
24
 -13.0 13.0 
2
24
 -6.5 6.5 
4
12
 -16.9 -5.7 5.7 16.9 
16
12
5
10
9
12
4
12
16
12
5
10
