         2
n2_1500.45
*

         1
        25
         1         1         1         1
         0      1550        25      1525
      1650
         2
       110       290
         0
         0
       200       200
         0
        10
        15       180
        10       215
        10       215
        10       215
        35       230
       365       230
       390       215
       390       215
       390       215
       385       180

         0         0         0         0
         8
         2         2         2         2         2         2         2         2
    11.310     3.927     3.927     7.917    11.310     3.927         0         0
         3       178        93       178         3       167        93       152       197       164       127       154       197       178       127       178       197       164       200       164       197       178       200       178         3       178         3       178         3       167         3       167
         0

         3
         0       775      1550
         2        13         3        12
         5         9
         1         1
        14
        90         0        90       150         0       165         0       165         0       180         0       215        10       215        10       215        15       180       200       180       200       162       200       162       130       152       130         0
         0

         9
    49.260       -45        -7       131        11
    12.315       -45        25    92.600    17.400
    36.945       -40       115     7.600    17.400
    24.630        65       215     6.200    23.800
    24.630       160       305     8.400    26.600
    24.630       255       405     6.200    23.800
    12.315       360       505     8.400    26.600
    12.315       460       605     8.400    26.600
    12.315       590       730     9.800    30.200
         1
      1595     2.011        20
        10
       -45      1595     4.600    49.260
        -7      1557        11    49.260
        25      1525    17.400    12.315
       115      1435    17.400    36.945
       215      1335    23.800    24.630
       305      1245    26.600    24.630
       405      1145    23.800    24.630
       505      1045    26.600    12.315
       605       945    26.600    12.315
       730       820    30.200    12.315
         1
       -45      1595     6.500     4.524
         0         0         0         0
         8
         2         2         2         2         2         2         2         2
    11.310     3.927     3.927     7.917    11.310     3.927         0         0
       307       178       397       178       307       152       397       167       203       164       273       154       203       178       273       178       200       164       203       164       200       178       203       178       397       178       397       178       397       167       397       167
         0

         3
         0       775      1550
         2        13         3        12
         6        10
         1         1
        14
       270         0       270       152       200       162       200       162       200       180       385       180       390       215       390       215       400       215       400       180       400       165       400       165       310       150       310         0
         0

         9
    49.260       -45        -7       131        11
    12.315       -45        25    92.600    17.400
    36.945       -40       115     7.600    17.400
    24.630        65       215     6.200    23.800
    24.630       160       305     8.400    26.600
    24.630       255       405     6.200    23.800
    12.315       360       505     8.400    26.600
    12.315       460       605     8.400    26.600
    12.315       590       730     9.800    30.200
         1
      1595     2.011        20
        10
       -45      1595     4.600    49.260
        -7      1557        11    49.260
        25      1525    17.400    12.315
       115      1435    17.400    36.945
       215      1335    23.800    24.630
       305      1245    26.600    24.630
       405      1145    23.800    24.630
       505      1045    26.600    12.315
       605       945    26.600    12.315
       730       820    30.200    12.315
         1
       -45      1595     6.500     4.524
         1
8
28
 -17.5 -12.5 -7.5 -2.5 2.5 7.5 12.5 17.5 
8
28
 -17.5 -12.5 -7.5 -2.5 2.5 7.5 12.5 17.5 
2
28
 -14.0 14.0 
6
28
 -18.0 -10.8 -3.6 3.6 10.8 18.0 
4
28
 -18.0 -6.0 6.0 18.0 
4
28
 -14.1 -4.7 4.7 14.1 
4
28
 -7.5 -2.5 2.5 7.5 
2
28
 -18.0 18.0 
2
28
 -10.0 10.0 
2
28
 -5.0 5.0 
4
12
 -18.0 -6.0 6.0 18.0 
10
12
5
10
5
10
7
12
10
12
5
10
0
8
0
8
8
28
 -17.5 -12.5 -7.5 -2.5 2.5 7.5 12.5 17.5 
8
28
 -17.5 -12.5 -7.5 -2.5 2.5 7.5 12.5 17.5 
2
28
 -14.0 14.0 
6
28
 -18.0 -10.8 -3.6 3.6 10.8 18.0 
4
28
 -18.0 -6.0 6.0 18.0 
4
28
 -14.1 -4.7 4.7 14.1 
4
28
 -7.5 -2.5 2.5 7.5 
2
28
 -18.0 18.0 
2
28
 -10.0 10.0 
2
28
 -5.0 5.0 
4
12
 -18.0 -6.0 6.0 18.0 
10
12
5
10
5
10
7
12
10
12
5
10
0
8
0
8
