4
Балочное 2-ребристое ж.б. ПС , ЦУП НКПС, Ленпроектпуть, 1934 г. под Н7 1931г.
Lо=16.70, Lп=18.30м
n2_1670.12
*
  1.000
 20.000
  0.000
  0.000
  0.000
  0.000
  0.000
1723.333
 26.667
1696.667
1830.000
  2.000
155.000
335.000
  1.000
  0.000
245.000
245.000
  0.000
 10.000
 20.000
220.000
 20.000
257.000
 20.000
257.000
 67.500
257.000
 90.000
270.000
400.000
270.000
422.500
257.000
470.000
257.000
470.000
257.000
470.000
220.000
  0.000
  0.000
  0.000
  0.000
  8.000
  2.000
  2.000
  2.000
  2.000
  2.000
  2.000
  2.000
  2.000
  6.786
  1.508
  5.655
  3.393
  6.786
  2.513
  3.393
  1.508
 48.000
217.000
118.000
217.000
 48.000
208.000
118.000
185.500
232.000
198.000
192.000
193.000
232.000
217.000
192.000
217.000
232.000
198.000
245.000
198.000
232.000
217.000
245.000
217.000
  3.000
217.000
 48.000
217.000
  3.000
208.000
 48.000
208.000
  0.000
  3.000
  0.000
861.667
1723.333
  2.000
 13.000
  3.000
 12.000
  5.000
  9.000
  1.000
  0.000
 14.000
115.000
  0.000
115.000
187
 45.000
200
  0.000
200
  0.000
220.000
  0.000
257.000
 20.000
257.000
 20.000
257.000
 20.000
220.000
245.000
220.000
245.000
195.000
235.000
195.000
195.000
190.000
195.000
  0.000
  0.000
  5.000
 30.536
-48.000
 66.667
100.200
  4.800
 20.358
-21.000
161.667
 24.000
 13.800
 20.358
131.667
321.667
  7.200
 22.800
 30.536
280.467
481.667
  5.000
 13.800
 20.358
464.467
656.667
  5.000
 22.800
  3.000
275.000
  2.000
 25.000
1475.000
  2.000
 30.000
1825.000
  2.000
 25.000
  8.000
-48.000
1771.333
  4.800
 61.073
 66.667
1656.666
  4.800
 30.536
161.667
1561.666
 13.800
 20.358
142.667
1580.666
 13.800
 20.358
273.667
1449.666
 22.800
 20.358
321.667
1401.666
 22.800
 20.358
481.667
1241.666
 13.800
 30.536
656.667
1066.666
 22.800
 20.358
  0.000
  0.000
  0.000
  0.000
  0.000
  8.000
  2.000
  2.000
  2.000
  2.000
  2.000
  2.000
  2.000
  2.000
  6.786
  1.508
  5.655
  3.393
  6.786
  2.513
  3.393
  1.508
372.000
217.000
442.000
217.000
372.000
185.500
442.000
208.000
258.000
198.000
298.000
193.000
258.000
217.000
298.000
217.000
245.000
198.000
258.000
198.000
245.000
217.000
258.000
217.000
442.000
217.000
487.000
217.000
442.000
208.000
487.000
208.000
  0.000
  3.000
  0.000
861.667
1723.333
  2.000
 13.000
  3.000
 12.000
  6.000
 10.000
  0.000
  1.000
 14.000
295.000
  0.000
295.000
190.000
255.000
195.000
245.000
195.000
245.000
220.000
470.000
220.000
470.000
257.000
470.000
257.000
490.000
257.000
490.000
220.000
490.000
200
445.000
200
375.000
187
375.000
  0.000
  0.000
  5.000
 30.536
-48.000
 66.667
100.200
  4.800
 20.358
-21.000
161.667
 24.000
 13.800
 20.358
131.667
321.667
  7.200
 22.800
 30.536
280.467
481.667
  5.000
 13.800
 20.358
464.467
656.667
  5.000
 22.800
  3.000
275.000
  2.000
 25.000
1475.000
  2.000
 30.000
1825.000
  2.000
 25.000
  8.000
-48.000
1771.333
  4.800
 61.073
 66.667
1656.666
  4.800
 30.536
161.667
1561.666
 13.800
 20.358
142.667
1580.666
 13.800
 20.358
273.667
1449.666
 22.800
 20.358
321.667
1401.666
 22.800
 20.358
481.667
1241.666
 13.800
 30.536
656.667
1066.666
 22.800
 20.358
  0.000
  1.000
6
36
 -37.5 -22.5 -7.5 7.5 22.5 37.5 
3
36
 -19.0 0.0 19.0 
2
36
 -38.0 38.0 
2
36
 -25.0 25.0 
2
36
 -38.0 38.0 
2
36
 -25.0 25.0 
3
36
 -25.0 0.0 25.0 
2
36
 -12.5 12.5 
6
12
3
8
5
12
3
12
6
12
5
8
3
12
3
8
6
36
 -37.5 -22.5 -7.5 7.5 22.5 37.5 
3
36
 -19.0 0.0 19.0 
2
36
 -38.0 38.0 
2
36
 -25.0 25.0 
2
36
 -38.0 38.0 
2
36
 -25.0 25.0 
3
36
 -25.0 0.0 25.0 
2
36
 -12.5 12.5 
6
12
3
8
5
12
3
12
6
12
5
8
3
12
3
8
