         2
n2_1280.45
*

         1
        25
         1         1         1         1
         0      1330        25      1305
      1430
         2
       110       290
         0
         0
       200       200
         0
        10
        20       175
        10       210
        10       210
        10       210
        35       225
       365       225
       390       210
       390       210
       390       210
       380       175

         0         0         0         0
         8
         2         2         2         2         2         2         2         2
    11.310     3.927     3.927     7.917    11.310     3.927         0         0
         3       173        93       173         3       162        93       150       197       159       127       149       197       173       127       173       197       159       200       159       197       173       200       173         3       173         3       173         3       162         3       162
         0

         3
         0       665      1330
         2        13         3        12
         5         9
         1         1
        14
        90         0        90       148         0       160         0       160         0       175         0       210        10       210        10       210        20       175       200       175       200       157       200       157       130       147       130         0
         0

         8
    12.315       -45        -7       126        11
    12.315       -45        30    82.600    17.400
    36.945       -15       135        14        11
    24.630        95       245     7.600    17.400
    12.315       225       375     7.600    17.400
    12.315   223.500   368.500     6.200    23.800
    12.315       355       500     6.200    23.800
    12.315       485       625     8.400    26.600
         1
      1375     2.011        20
         9
       -45      1375     4.600    49.260
        -7      1337        11    12.315
        30      1300    17.400    12.315
       135      1195        11    36.945
       245      1085    17.400    24.630
       375       955    17.400    12.315
   368.500   961.500    23.800    12.315
       500       830    23.800    12.315
       625       705    26.600    12.315
         1
       -45      1375     6.500     4.524
         0         0         0         0
         8
         2         2         2         2         2         2         2         2
    11.310     3.927     3.927     7.917    11.310     3.927         0         0
       307       173       397       173       307       150       397       162       203       159       273       149       203       173       273       173       200       159       203       159       200       173       203       173       397       173       397       173       397       162       397       162
         0

         3
         0       665      1330
         2        13         3        12
         6        10
         1         1
        14
       270         0       270       147       200       157       200       157       200       175       380       175       390       210       390       210       400       210       400       175       400       160       400       160       310       148       310         0
         0

         8
    12.315       -45        -7       126        11
    12.315       -45        30    82.600    17.400
    36.945       -15       135        14        11
    24.630        95       245     7.600    17.400
    12.315       225       375     7.600    17.400
    12.315   223.500   368.500     6.200    23.800
    12.315       355       500     6.200    23.800
    12.315       485       625     8.400    26.600
         1
      1375     2.011        20
         9
       -45      1375     4.600    49.260
        -7      1337        11    12.315
        30      1300    17.400    12.315
       135      1195        11    36.945
       245      1085    17.400    24.630
       375       955    17.400    12.315
   368.500   961.500    23.800    12.315
       500       830    23.800    12.315
       625       705    26.600    12.315
         1
       -45      1375     6.500     4.524
         1
8
28
 -17.5 -12.5 -7.5 -2.5 2.5 7.5 12.5 17.5 
2
28
 -15.0 15.0 
2
28
 -15.0 15.0 
6
28
 -17.5 -10.5 -3.5 3.5 10.5 17.5 
4
28
 -18.0 -6.0 6.0 18.0 
2
28
 -10.0 10.0 
2
28
 -18.0 18.0 
2
28
 -12.0 12.0 
2
28
 -5.0 5.0 
4
12
 -18.0 -6.0 6.0 18.0 
10
12
5
10
5
10
7
12
10
12
5
10
0
8
0
8
8
28
 -17.5 -12.5 -7.5 -2.5 2.5 7.5 12.5 17.5 
2
28
 -15.0 15.0 
2
28
 -15.0 15.0 
6
28
 -17.5 -10.5 -3.5 3.5 10.5 17.5 
4
28
 -18.0 -6.0 6.0 18.0 
2
28
 -10.0 10.0 
2
28
 -18.0 18.0 
2
28
 -12.0 12.0 
2
28
 -5.0 5.0 
4
12
 -18.0 -6.0 6.0 18.0 
10
12
5
10
5
10
7
12
10
12
5
10
0
8
0
8
