         2
n4_0800.40
*

         1
        25
         1         1         1         1
         0   843.333    21.667   821.667
       930
         4
        72       170       230       328
         0
         0
       200       200
         1
        10
        20       130
        10       160
        10       160
        10       160
        35       180
       365       180
       390       160
       390       160
       390       160
       380       130

         0         0         0         0
         8
         2         2         2         2         2         2         2         2
     5.655     3.927    11.310     3.927    11.310     3.927     5.655     5.655
         7       128        33       128         9       120        33       118        33       128        63       128        33       118        63       117        81       128       102       128        81       117       102       117       102       117       120       117       102       128       120       128
         0

         3
         0   421.667   843.333
         2        12         2        12
         4         9
         1         0
        13
        60         0        60       114         6       118         4       130         0       160         0       160        10       160        10       160        20       130       120       130       120       115        84       115        84         0
         0

         6
     5.089       -33    31.667    54.100    10.900
     2.545       -23    96.667         6         4
    10.179       -20    90.167     9.100    10.900
     7.634    86.667   196.667     9.100    10.900
     5.089   176.667   281.667     7.200    17.800
     2.545   271.667   376.667     7.200    17.800
         1
   879.167     1.131        15
         7
       -38   881.667         4    20.358
    31.667   811.667    10.900     5.089
    96.667   746.667         4     2.545
    90.167   753.167    10.900    10.179
   196.667   646.667    10.900     7.634
   281.667   561.667    17.800     5.089
   376.667   466.667    17.800     2.545
         1
       -38   881.667         6    10.179

         6
         2         2         2         2         2         2
     5.655     5.655    11.310     3.927    11.310     3.927
       120       117       138       117       120       128       138       128       138       128       159       128       138       117       159       117       179       128       197       128       179       117       197       120
         0

         3
         0   421.667   843.333
         2         7         2         7
         0         1
         8
       156         0       156       115       120       115       120       130       200       130       200       118       182       114       182         0
         0

         6
     5.089       -33    31.667    54.100    10.900
     2.545       -23    96.667         6         4
    10.179       -20    90.167     9.100    10.900
     7.634    86.667   196.667     9.100    10.900
     5.089   176.667   281.667     7.200    17.800
     2.545   271.667   376.667     7.200    17.800
         1
   879.167     1.131        15
         7
       -38   881.667         4    20.358
    31.667   811.667    10.900     5.089
    96.667   746.667         4     2.545
    90.167   753.167    10.900    10.179
   196.667   646.667    10.900     7.634
   281.667   561.667    17.800     5.089
   376.667   466.667    17.800     2.545
         1
       -38   881.667         6    10.179

         6
         2         2         2         2         2         2
     5.655     5.655    11.310     3.927    11.310     3.927
       260       117       278       117       260       128       278       128       239       128       260       128       239       117       260       117       203       128       221       128       203       120       221       117
         0

         3
         0   421.667   843.333
         2         7         2         7
         1         0
         8
       218         0       218       114       200       118       200       130       278       130       278       115       242       115       242         0
         0

         6
     5.089       -33    31.667    54.100    10.900
     2.545       -23    96.667         6         4
    10.179       -20    90.167     9.100    10.900
     7.634    86.667   196.667     9.100    10.900
     5.089   176.667   281.667     7.200    17.800
     2.545   271.667   376.667     7.200    17.800
         1
   879.167     1.131        15
         7
       -38   881.667         4    20.358
    31.667   811.667    10.900     5.089
    96.667   746.667         4     2.545
    90.167   753.167    10.900    10.179
   196.667   646.667    10.900     7.634
   281.667   561.667    17.800     5.089
   376.667   466.667    17.800     2.545
         1
       -38   881.667         6    10.179
         0         0         0         0
         8
         2         2         2         2         2         2         2         2
     5.655     3.927    11.310     3.927    11.310     3.927     5.655     5.655
       367       128       393       128       367       118       391       120       337       128       367       128       337       117       367       118       298       128       319       128       298       117       319       117       280       117       298       117       280       128       298       128
         0

         3
         0   421.667   843.333
         2        12         2        12
         5        10
         0         1
        13
       316         0       316       115       280       115       280       130       380       130       390       160       390       160       400       160       400       160       396       130       394       118       340       114       340         0
         0

         6
     5.089       -33    31.667    54.100    10.900
     2.545       -23    96.667         6         4
    10.179       -20    90.167     9.100    10.900
     7.634    86.667   196.667     9.100    10.900
     5.089   176.667   281.667     7.200    17.800
     2.545   271.667   376.667     7.200    17.800
         1
   879.167     1.131        15
         7
       -38   881.667         4    20.358
    31.667   811.667    10.900     5.089
    96.667   746.667         4     2.545
    90.167   753.167    10.900    10.179
   196.667   646.667    10.900     7.634
   281.667   561.667    17.800     5.089
   376.667   466.667    17.800     2.545
         1
       -38   881.667         6    10.179
         1
8
18
 -10.0 -7.1 -4.3 -1.4 1.4 4.3 7.1 10.0 
2
18
 -10.0 10.0 
1
18
 0.0 
4
18
 -7.5 -2.5 2.5 7.5 
3
18
 -5.0 0.0 5.0 
2
18
 -2.5 2.5 
1
18
 0.0 
9
12
 -10.0 -7.5 -5.0 -2.5 0.0 2.5 5.0 7.5 10.0 
5
12
5
10
10
12
5
10
10
12
5
10
5
12
5
12
8
18
 -10.0 -7.1 -4.3 -1.4 1.4 4.3 7.1 10.0 
2
18
 -10.0 10.0 
1
18
 0.0 
4
18
 -7.5 -2.5 2.5 7.5 
3
18
 -5.0 0.0 5.0 
2
18
 -2.5 2.5 
1
18
 0.0 
9
12
 -10.0 -7.5 -5.0 -2.5 0.0 2.5 5.0 7.5 10.0 
5
12
5
10
10
12
5
10
10
12
5
10
8
18
 -10.0 -7.1 -4.3 -1.4 1.4 4.3 7.1 10.0 
2
18
 -10.0 10.0 
1
18
 0.0 
4
18
 -7.5 -2.5 2.5 7.5 
3
18
 -5.0 0.0 5.0 
2
18
 -2.5 2.5 
1
18
 0.0 
9
12
 -10.0 -7.5 -5.0 -2.5 0.0 2.5 5.0 7.5 10.0 
5
12
5
10
10
12
5
10
10
12
5
10
8
18
 -10.0 -7.1 -4.3 -1.4 1.4 4.3 7.1 10.0 
2
18
 -10.0 10.0 
1
18
 0.0 
4
18
 -7.5 -2.5 2.5 7.5 
3
18
 -5.0 0.0 5.0 
2
18
 -2.5 2.5 
1
18
 0.0 
9
12
 -10.0 -7.5 -5.0 -2.5 0.0 2.5 5.0 7.5 10.0 
5
12
5
10
10
12
5
10
10
12
5
10
5
12
5
12
