         4
Главмостострой МПС 1947г.
Инв ╣ 2272
n4_0853.38
*

         1
        20
         0         0         0         0
         0       902    24.500   877.500
      1000
         4
        72   169.500   230.500       328
         0
         0
       200       200
         1
        10
        20       130
        10       160
        10       160
        10       160
        35       180
       365       180
       390       160
       390       160
       390       160
       380       130

         0         0         0         0
         8
         2         2         2         2         2         2         2         2
     6.786     5.655    11.310     5.655    11.310    11.310    10.179     6.786
         7       128        33       128         9       120        33   117.750        33       128        63       128        33   117.750        63       117        81       128       102       128        81       117       102       117       102       117       120       117       102       128       120       128
         0

         3
         0       451       902
         2        12         2        12
         4         9
         1         0
        13
        60         0        60   113.500         6       118         4       130         0       160         0       160        10       160        10       160        20       130       120       130       120       115        84       115        84         0
         0

         7
     9.425       -44        16    64.300     5.700
     9.425       -44        51    24.300    10.700
     9.425       -19        96     4.300    10.700
     9.425        31       146     2.600    12.400
     6.283        91       196     7.600    17.400
     6.283       161       266     7.600    17.400
     6.283       256       361     7.600    17.400
         1
       946     1.131        15
         8
       -44       946         4    18.850
        16       886     5.700     9.425
        51       851    10.700     9.425
        96       806    10.700     9.425
       146       756    12.400     9.425
       196       706    17.400     6.283
       266       636    17.400     6.283
       361       541    17.400     6.283
         1
       -44       946         6     4.524

         6
         2         2         2         2         2         2
    10.179     6.786    11.310    11.310    11.310     5.655
       120       117       138       117       120       128       138       128       138       128       159       128       138       117       159       117   178.500       128       197       128   178.500       117       197       120
         0

         3
         0       451       902
         2         7         2         7
         0         1
         8
       156         0       156       115       120       115       120       130       200       130       200       118   181.500       114   181.500         0
         0

         7
     9.425       -44        16    64.300     5.700
     9.425       -44        51    24.300    10.700
     9.425       -19        96     4.300    10.700
     9.425        31       146     2.600    12.400
     6.283        91       196     7.600    17.400
     6.283       161       266     7.600    17.400
     6.283       256       361     7.600    17.400
         1
       946     1.131        15
         8
       -44       946         4    18.850
        16       886     5.700     9.425
        51       851    10.700     9.425
        96       806    10.700     9.425
       146       756    12.400     9.425
       196       706    17.400     6.283
       266       636    17.400     6.283
       361       541    17.400     6.283
         1
       -44       946         6     4.524

         6
         2         2         2         2         2         2
    10.179     6.786    11.310    11.310    11.310     5.655
   260.500       117   278.500       117   260.500       128   278.500       128   239.500       128   260.500       128   239.500       117   260.500       117       203       128   221.500       128       203       120   221.500       117
         0

         3
         0       451       902
         2         7         2         7
         1         0
         8
   218.500         0   218.500       114       200       118       200       130   278.500       130   278.500       115   242.500       115   242.500         0
         0

         7
     9.425       -44        16    64.300     5.700
     9.425       -44        51    24.300    10.700
     9.425       -19        96     4.300    10.700
     9.425        31       146     2.600    12.400
     6.283        91       196     7.600    17.400
     6.283       161       266     7.600    17.400
     6.283       256       361     7.600    17.400
         1
       946     1.131        15
         8
       -44       946         4    18.850
        16       886     5.700     9.425
        51       851    10.700     9.425
        96       806    10.700     9.425
       146       756    12.400     9.425
       196       706    17.400     6.283
       266       636    17.400     6.283
       361       541    17.400     6.283
         1
       -44       946         6     4.524
         0         0         0         0
         8
         2         2         2         2         2         2         2         2
     6.786     5.655    11.310     5.655    11.310    11.310    10.179     6.786
       367       128       393       128       367   117.750       391       120       337       128       367       128       337       117       367   117.750       298       128       319       128       298       117       319       117       280       117       298       117       280       128       298       128
         0

         3
         0       451       902
         2        12         2        12
         5        10
         0         1
        13
       316         0       316       115       280       115       280       130       380       130       390       160       390       160       400       160       400       160       396       130       394       118       340   113.500       340         0
         0

         7
     9.425       -44        16    64.300     5.700
     9.425       -44        51    24.300    10.700
     9.425       -19        96     4.300    10.700
     9.425        31       146     2.600    12.400
     6.283        91       196     7.600    17.400
     6.283       161       266     7.600    17.400
     6.283       256       361     7.600    17.400
         1
       946     1.131        15
         8
       -44       946         4    18.850
        16       886     5.700     9.425
        51       851    10.700     9.425
        96       806    10.700     9.425
       146       756    12.400     9.425
       196       706    17.400     6.283
       266       636    17.400     6.283
       361       541    17.400     6.283
         1
       -44       946         6     4.524
         1
6
20
 -10.0 -6.0 -2.0 2.0 6.0 10.0 
3
20
 -10.0 0.0 10.0 
3
20
 -10.0 0.0 10.0 
3
20
 -5.0 0.0 5.0 
3
20
 -10.0 0.0 10.0 
2
20
 -5.0 5.0 
2
20
 -5.0 5.0 
2
20
 -5.0 5.0 
4
12
 -10.0 -3.3 3.3 10.0 
6
12
5
12
10
12
5
12
10
12
10
12
9
12
6
12
6
20
 -10.0 -6.0 -2.0 2.0 6.0 10.0 
3
20
 -10.0 0.0 10.0 
3
20
 -10.0 0.0 10.0 
3
20
 -5.0 0.0 5.0 
3
20
 -10.0 0.0 10.0 
2
20
 -5.0 5.0 
2
20
 -5.0 5.0 
2
20
 -5.0 5.0 
4
12
 -10.0 -3.3 3.3 10.0 
6
12
5
12
10
12
5
12
10
12
10
12
6
20
 -10.0 -6.0 -2.0 2.0 6.0 10.0 
3
20
 -10.0 0.0 10.0 
3
20
 -10.0 0.0 10.0 
3
20
 -5.0 0.0 5.0 
3
20
 -10.0 0.0 10.0 
2
20
 -5.0 5.0 
2
20
 -5.0 5.0 
2
20
 -5.0 5.0 
4
12
 -10.0 -3.3 3.3 10.0 
6
12
5
12
10
12
5
12
10
12
10
12
6
20
 -10.0 -6.0 -2.0 2.0 6.0 10.0 
3
20
 -10.0 0.0 10.0 
3
20
 -10.0 0.0 10.0 
3
20
 -5.0 0.0 5.0 
3
20
 -10.0 0.0 10.0 
2
20
 -5.0 5.0 
2
20
 -5.0 5.0 
2
20
 -5.0 5.0 
4
12
 -10.0 -3.3 3.3 10.0 
6
12
5
12
10
12
5
12
10
12
10
12
9
12
6
12
