 3
 *Проект железобетонных секционных пролетных строений
 *Лентрансмостпроект,1945 г. Утв. МПС в 1946 г. инв. 2076 
 *
 1.000
 25.000
  0.000
  0.000
  0.000
  0.000
  0.000
673.333
 16.667
656.667
740.000
  4.000
 49.000
151.000
249.000
351.000
  0.000
  0.000
200.000
200.000
  1.000
 10.000
 15.000
 75.000
 10.000
110.000
 10.000
110.000
 10.000
110.000
 40.000
120.000
360.000
120.000
390.000
110.000
390.000
110.000
390.000
110.000
385.000
 75.000
  0.000
  0.000
  0.000
  0.000
  8.000
  2.000
  2.000
  2.000
  2.000
  2.000
  2.000
  2.000
  2.000
  3.927
  3.927
  3.927
  3.927
  3.927
  3.927
  3.927
  3.927
  3.000
 72.500
 35.000
 72.500
  3.000
 62.500
 35.000
 62.500
 35.000
 72.500
 38.000
 72.500
 35.000
 62.500
 38.000
 60.000
 60.000
 72.500
 81.500
 72.500
 60.000
 62.500
 81.500
 62.500
 81.500
 62.500
100.000
 62.500
 81.500
 72.500
100.000
 72.500
  0.000
  3.000
  0.000
336.667
673.333
  2.000
 12.000
  3.000
 12.000
  5.000
  9.000
  1.000
  1.000
 13.000
 35.000
  0.000
 35.000
 60.000
 35.000
 60.000
  0.000
 60.000
  0.000
 75.000
  0.000
110.000
 10.000
110.000
 10.000
110.000
 15.000
 75.000
100.000
 75.000
100.000
 60.000
 63.000
 60.000
 63.000
  0.000
  0.000
  5.000
 10.619
-13.000
 46.667
  5.100
  9.900
 10.619
 36.667
 96.667
  5.100
  9.900
  5.309
 96.667
156.667
  5.100
  9.900
  5.309
161.667
216.667
  4.500
 15.500
 5.309
221.667
276.667
  4.500
 15.500
  1.000
720.000
  2.011
 20.000
  6.000
-28.000
701.333
  4.300
 26.546
 46.667
626.666
  9.900
 10.619
 96.667
576.666
  9.900
 10.619
156.667
516.666
  9.900
  5.309
216.667
456.666
 15.500
  5.309
276.667
396.666
 15.500
 5.309
  1.000
-28.000
701.333
  4.300
  2.356
  8.000
  2.000
  2.000
  2.000
  2.000
  2.000
  2.000
  2.000
  2.000
  3.927
  3.927
  3.927
  3.927
  3.927
  3.927
  3.927
  3.927
100.000
 62.500
118.500
 62.500
100.000
 72.500
118.500
 72.500
118.500
 72.500
140.000
 72.500
118.500
 62.500
140.000
 62.500
162.000
 72.500
182.500
 72.500
162.000
 62.500
182.500
 62.500
182.500
 62.500
200.000
 62.500
182.500
 72.500
200.000
 72.500
  0.000
  3.000
  0.000
336.667
673.333
  2.000
  7.000
  2.000
  7.000
  1.000
  1.000
  8.000
137.000
  0.000
137.000
 60.000
100.000
 60.000
100.000
 75.000
200.000
 75.000
200.000
 60.000
165.000
 60.000
165.000
  0.000
  0.000
  6.000
 15.928
-13.000
 46.667
  5.100
  9.900
 10.619
 41.667
101.667
  5.100
  9.900
 10.619
 96.667
151.667
  4.500
 15.500
 10.619
151.667
206.667
  4.500
 15.500
  5.309
206.667
261.667
  4.500
 15.500
  5.309
262.067
311.667
  4.300
 21.100
  1.000
720.000
  2.011
 20.000
  7.000
-28.000
701.333
  4.300
 26.546
 46.667
626.666
  9.900
 15.928
101.667
571.666
  9.900
 10.619
151.667
521.666
 15.500
 10.619
206.667
466.666
 15.500
 10.619
261.667
411.666
 15.500
  5.309
311.667
361.666
 21.100
  5.309
  1.000
-28.000
701.333
  4.300
  2.356
  8.000
  2.000
  2.000
  2.000
  2.000
  2.000
  2.000
  2.000
  2.000
  3.927
  3.927
  3.927
  3.927
  3.927
  3.927
  3.927
  3.927
200.000
 62.500
217.500
 62.500
200.000
 72.500
217.500
 72.500
217.500
 72.500
238.000
 72.500
217.500
 62.500
238.000
 62.500
260.000
 72.500
281.500
 72.500
260.000
 62.500
281.500
 62.500
281.500
 62.500
300.000
 62.500
281.500
 72.500
300.000
 72.500
  0.000
  3.000
  0.000
336.667
673.333
  2.000
  7.000
  2.000
  7.000
  1.000
  1.000
  8.000
235.000
  0.000
235.000
 60.000
200.000
 60.000
200.000
 75.000
300.000
 75.000
300.000
 60.000
263.000
 60.000
263.000
  0.000
  0.000
  6.000
 15.928
-13.000
 46.667
  5.100
  9.900
 10.619
 41.667
101.667
  5.100
  9.900
 10.619
 96.667
151.667
  4.500
 15.500
 10.619
151.667
206.667
  4.500
 15.500
  5.309
206.667
261.667
  4.500
 15.500
  5.309
262.067
311.667
  4.300
 21.100
  1.000
720.000
  2.011
 20.000
  7.000
-28.000
701.333
  4.300
 26.546
 46.667
626.666
  9.900
 15.928
101.667
571.666
  9.900
 10.619
151.667
521.666
 15.500
 10.619
206.667
466.666
 15.500
 10.619
261.667
411.666
 15.500
  5.309
311.667
361.666
 21.100
  5.309
  1.000
-28.000
701.333
  4.300
  2.356
  0.000
  0.000
  0.000
  0.000
  8.000
  2.000
  2.000
  2.000
  2.000
  2.000
  2.000
  2.000
  2.000
  3.927
  3.927
  3.927
  3.927
  3.927
  3.927
  3.927
  3.927
397.000
 72.500
365.000
 72.500
397.000
 62.500
365.000
 62.500
365.000
 72.500
362.000
 72.500
365.000
 62.500
362.000
 60.000
340.000
 72.500
318.500
 72.500
340.000
 62.500
318.500
 62.500
318.500
 62.500
300.000
 62.500
318.500
 72.500
300.000
 72.500
  0.000
  3.000
  0.000
336.667
673.333
  2.000
 12.000
  2.000
 11.000
  5.000
  9.000
  1.000
  1.000
 13.000
337.000
  0.000
337.000
 60.000
300.000
 60.000
300.000
 75.000
385.000
 75.000
390.000
110.000
390.000
110.000
400.000
110.000
400.000
 75.000
400.000
 60.000
365.000
 60.000
365.000
 60.000
365.000
  0.000
  0.000
  5.000
 10.619
-13.000
 46.667
  5.100
  9.900
 10.619
 36.667
 96.667
  5.100
  9.900
  5.309
 96.667
156.667
  5.100
  9.900
  5.309
161.667
216.667
  4.500
 15.500
 5.309
221.667
276.667
  4.500
 15.500
  1.000
720.000
  2.011
 20.000
  6.000
-28.000
701.333
  4.300
 26.546
 46.667
626.666
  9.900
 10.619
 96.667
576.666
  9.900
 10.619
156.667
516.666
  9.900
  5.309
216.667
456.666
 15.500
  5.309
276.667
396.666
 15.500
 5.309
  1.000
-28.000
701.333
  4.300
  2.356
  1.000
5
26
 -12.0 -6.0 0.0 6.0 12.0 
2
26
 -12.0 12.0 
2
26
 -6.0 6.0 
1
26
 0.0 
1
26
 -5.0 
1
26
 5.0 
3
10
 -12.0 0.0 12.0 
5
10
5
10
5
10
5
10
5
10
5
10
5
10
5
10
5
26
 -12.0 -6.0 0.0 6.0 12.0 
2
26
 -12.0 12.0 
2
26
 -6.0 6.0 
1
26
 0.0 
1
26
 -5.0 
1
26
 5.0 
0
0
 
3
10
 -12.0 0.0 12.0 
5
10
5
10
5
10
5
10
5
10
5
10
5
10
5
10
5
26
 -12.0 -6.0 0.0 6.0 12.0 
2
26
 -12.0 12.0 
2
26
 -6.0 6.0 
1
26
 0.0 
1
26
 -5.0 
1
26
 5.0 
0
0
 
3
10
 -12.0 0.0 12.0 
5
10
5
10
5
10
5
10
5
10
5
10
5
10
5
10
5
26
 -12.0 -6.0 0.0 6.0 12.0 
2
26
 -12.0 12.0 
2
26
 -6.0 6.0 
1
26
 0.0 
1
26
 -5.0 
1
26
 5.0 
3
10
 -12.0 0.0 12.0 
5
10
5
10
5
10
5
10
5
10
5
10
5
10
5
10
