3
Типовой проект инв N2076 1946 г.
L0=5.00   HB=50 см.
n4_0500.32
  1.000
 30.000
  0.000
  0.000
  0.000
  0.000
  0.000
532.000
 16.000
516.000
596.000
  4.000
 64.000
155.000
245.000
336.000
  0.000
  0.000
200.000
200.000
  1.000
  6.000
 15.000
 65.000
 10.000
100.000
 40.000
115.000
360.000
115.000
390.000
100.000
385.000
 65.000
  0.000
  0.000
  0.000
  0.000
  2.000
  2.000
  2.000
  5.430
  5.430
  3.000
 52.500
109.500
 52.500
  3.000
 62.500
109.500
 62.500
  0.000
  3.000
  0.000
266.000
532.000
 11.000
  8.000
 11.000
  8.000
  2.000
  5.000
  1.000
  0.000
 11.000
  0.000
 50.000
  0.000
 65.000
  0.000
100.000
 10.000
100.000
 15.000
 65.000
109.500
 65.000
109.500
 50.000
 78.000
 50.000
 78.000
  0.000
 50.000
  0.000
 50.000
 50.000
  0.000
  5.000
  7.600
-30.000
 30.000
  4.100
  9.500
  7.600
 17.000
 77.000
  4.100
  9.500
  3.800
 67.000
127.000
  4.100
 14.700
  7.600
117.000
177.000
  4.100
 14.700
  3.800
167.000
227.000
  4.100
 14.700
  1.000
580.000
  2.000
 20.000
  6.000
-30.000
562.000
  4.200
 18.080
 30.000
502.000
  9.500
  7.600
 77.000
455.000
  9.500
  7.600
127.000
405.000
 14.700
  3.800
177.000
355.000
 14.700
  7.600
227.000
305.000
 14.700
  3.800
  0.000
  2.000
  2.000
  2.000
  5.430
  5.430
109.500
 52.500
197.000
 52.500
109.500
 62.500
197.000
 62.500
  0.000
  3.000
  0.000
266.000
532.000
  2.000
  7.000
  2.000
  7.000
  0.000
  1.000
  8.000
141.000
  0.000
141.000
 50.000
109.500
 50.000
109.500
 65.000
200.000
 65.000
200.000
 50.000
169.000
 50.000
169.000
  0.000
  0.000
  5.000
  7.600
-30.000
 30.000
  4.100
  9.500
  7.600
 17.000
 77.000
  4.100
  9.500
  3.800
 67.000
127.000
  4.100
 14.700
  7.600
117.000
177.000
  4.100
 14.700
  3.800
167.000
227.000
  4.100
 14.700
  1.000
580.000
  2.000
 20.000
  6.000
-30.000
562.000
  4.200
 18.080
 30.000
502.000
  9.500
  7.600
 77.000
455.000
  9.500
  7.600
127.000
405.000
 14.700
  3.800
177.000
355.000
 14.700
  7.600
227.000
305.000
 14.700
  3.800
  0.000
  2.000
  2.000
  2.000
  5.430
  5.430
203.000
 52.500
290.500
 52.500
203.000
 62.500
290.500
 62.500
  0.000
  3.000
  0.000
266.000
532.000
  2.000
  7.000
  2.000
  7.000
  1.000
  0.000
  8.000
231.000
  0.000
231.000
 50.000
200.000
 50.000
200.000
 65.000
290.500
 65.000
290.500
 50.000
259.000
 50.000
259.000
  0.000
  0.000
  5.000
  7.600
-30.000
 30.000
  4.100
  9.500
  7.600
 17.000
 77.000
  4.100
  9.500
  3.800
 67.000
127.000
  4.100
 14.700
  7.600
117.000
177.000
  4.100
 14.700
  3.800
167.000
227.000
  4.100
 14.700
  1.000
580.000
  2.000
 20.000
  6.000
-30.000
562.000
  4.200
 18.080
 30.000
502.000
  9.500
  7.600
 77.000
455.000
  9.500
  7.600
127.000
405.000
 14.700
  3.800
177.000
355.000
 14.700
  7.600
227.000
305.000
 14.700
  3.800
  0.000
  0.000
  0.000
  0.000
  0.000
  2.000
  2.000
  2.000
  5.430
  5.430
290.500
 52.500
397.000
 52.500
290.500
 62.500
397.000
 62.500
  0.000
  3.000
  0.000
266.000
532.000
  2.000
 10.000
  2.000
 10.000
  5.000
  8.000
  0.000
  1.000
 11.000
322.000
  0.000
322.000
 50.000
290.500
 50.000
290.500
 65.000
385.000
 65.000
390.000
100.000
400.000
100.000
400.000
 65.000
400.000
 50.000
350.000
 50.000
350.000
  0.000
  0.000
  5.000
  7.600
-30.000
 30.000
  4.100
  9.500
  7.600
 17.000
 77.000
  4.100
  9.500
  3.800
 67.000
127.000
  4.100
 14.700
  7.600
117.000
177.000
  4.100
 14.700
  3.800
167.000
227.000
  4.100
 14.700
  1.000
580.000
  2.000
 20.000
  6.000
-30.000
562.000
  4.200
 18.080
 30.000
502.000
  9.500
  7.600
 77.000
455.000
  9.500
  7.600
127.000
405.000
 14.700
  3.800
177.000
355.000
 14.700
  7.600
227.000
305.000
 14.700
  3.800
  0.000
  1.000
4
24
 -12.0 -4.0 4.0 12.0 
2
22
 -12.0 12.0 
2
22
 -6.0 6.0 
1
22
 6.0 
2
22
 -12.0 12.0 
1
22
 -6.0 
7
10
7
10
4
24
 -12.0 -4.0 4.0 12.0 
2
22
 -12.0 12.0 
2
22
 -6.0 6.0 
1
22
 6.0 
2
22
 -12.0 12.0 
1
22
 -6.0 
7
10
7
10
4
24
 -12.0 -4.0 4.0 12.0 
2
22
 -12.0 12.0 
2
22
 -6.0 6.0 
1
22
 6.0 
2
22
 -12.0 12.0 
1
22
 -6.0 
7
10
7
10
4
24
 -12.0 -4.0 4.0 12.0 
2
22
 -12.0 12.0 
2
22
 -6.0 6.0 
1
22
 6.0 
2
22
 -12.0 12.0 
1
22
 -6.0 
7
10
7
10
