4
Желеобетонные ПС для многопутных железнодорожных мостов на станциях
под нагрузку Н8, Лентрансмостпроект, 1955 год, Инв. 7108
Lp=5.00   Lo=4.00
*
  1.000
 40.000
  1.000
  0.000
  1.000
  0.000
  0.000
433.333
 16.667
416.667
500.000
  4.000
 51.000
200.000
302.000
451.000
  0.000
  0.000
251.000
251.000
  1.000
 10.000
 14.000
 50.000
 10.000
 80.000
 10.000
 81.000
 10.000
 81.000
 25.000
100.000
477.000
100.000
492.000
 81.000
492.000
 81.000
492.000
 80.000
488.000
 50.000
  0.000
  0.000
  0.000
  0.000
  8.000
  2.000
  2.000
  2.000
  2.000
  2.000
  2.000
  2.000
  2.000
  4.524
  2.513
 13.572
  2.513
 13.572
  5.655
 12.441
  4.524
  3.000
 47.500
 15.000
 47.500
  3.000
 40.500
 15.000
 39.000
 15.000
 47.500
 33.000
 47.500
 15.000
 39.000
 33.000
 37.500
 69.000
 47.500
 98.500
 47.500
 69.000
 37.500
 98.500
 37.500
 98.500
 37.500
125.000
 37.500
 98.500
 47.500
125.000
 47.500
  0.000
  3.000
  0.000
216.667
433.333
  2.000
 12.000
  2.000
 12.000
  4.000
  9.000
  1.000
  0.000
 13.000
 30.000
  0.000
 30.000
 35.000
  0.000
 38.000
  0.000
 50.000
  0.000
 80.000
  0.000
 81.000
 10.000
 81.000
 10.000
 80.000
 14.000
 50.000
125.000
 50.000
125.000
 35.000
 72.000
 35.000
 72.000
  0.000
  0.000
  8.000
  7.603
-28.000
 -8.000
 18.000
  6.600
  7.603
-13.000
 24.667
  5.800
  6.600
  7.603
 24.667
 56.667
  5.800
  6.600
  7.603
 47.667
 79.667
  5.800
 12.000
  3.801
 77.667
109.667
  5.800
 12.000
  3.801
107.667
139.667
  5.800
 12.000
  3.801
137.667
169.667
  5.800
 12.000
  3.801
167.667
199.667
  5.800
 12.000
  1.000
480.000
  2.011
 20.000
  9.000
-31.000
464.333
  4.200
 22.808
 -8.000
441.333
  6.600
  7.603
 24.667
408.666
  6.600
  7.603
 56.667
376.666
  6.600
  7.603
 79.667
353.666
 12.000
  7.603
109.667
323.666
 12.000
  3.801
139.667
293.666
 12.000
  3.801
169.667
263.666
 12.000
  3.801
199.667
233.666
 12.000
  3.801
  1.000
-31.000
464.333
  5.800
  4.524
  6.000
  2.000
  2.000
  2.000
  2.000
  2.000
  2.000
 12.441
  4.524
 13.572
  5.655
 13.572
  2.513
125.000
 37.500
151.500
 37.500
125.000
 47.500
151.500
 47.500
151.500
 47.500
181.000
 47.500
151.500
 37.500
181.000
 37.500
218.000
 47.500
248.000
 47.500
218.000
 37.500
248.000
 40.500
  0.000
  3.000
  0.000
216.667
433.333
  2.000
  7.000
  2.000
  7.000
  0.000
  1.000
  8.000
178.000
  0.000
178.000
 35.000
125.000
 35.000
125.000
 50.000
251.000
 50.000
251.000
 38.000
221.000
 35.000
221.000
  0.000
  0.000
  8.000
  7.603
-28.000
 -8.000
 18.000
  6.600
  7.603
-13.000
 24.667
  5.800
  6.600
  7.603
 24.667
 56.667
  5.800
  6.600
  7.603
 47.667
 79.667
  5.800
 12.000
  3.801
 77.667
109.667
  5.800
 12.000
  3.801
107.667
139.667
  5.800
 12.000
  3.801
137.667
169.667
  5.800
 12.000
  3.801
167.667
199.667
  5.800
 12.000
  1.000
480.000
  2.011
 20.000
  9.000
-31.000
464.333
  4.200
 22.808
 -8.000
441.333
  6.600
  7.603
 24.667
408.666
  6.600
  7.603
 56.667
376.666
  6.600
  7.603
 79.667
353.666
 12.000
  7.603
109.667
323.666
 12.000
  3.801
139.667
293.666
 12.000
  3.801
169.667
263.666
 12.000
  3.801
199.667
233.666
 12.000
  3.801
  1.000
-31.000
464.333
  5.800
  4.524
  6.000
  2.000
  2.000
  2.000
  2.000
  2.000
  2.000
 12.441
  4.524
 13.572
  5.655
 13.572
  2.513
349.500
 37.500
376.000
 37.500
349.500
 47.500
376.000
 47.500
320.000
 47.500
349.500
 47.500
320.000
 37.500
349.500
 37.500
254.000
 47.500
284.000
 47.500
254.000
 40.500
284.000
 37.500
  0.000
  3.000
  0.000
216.667
433.333
  2.000
  7.000
  2.000
  7.000
  1.000
  0.000
  8.000
281.000
  0.000
281.000
 35.000
251.000
 38.000
251.000
 50.000
376.000
 50.000
376.000
 35.000
323.000
 35.000
323.000
  0.000
  0.000
  8.000
  7.603
-28.000
 -8.000
 18.000
  6.600
  7.603
-13.000
 24.667
  5.800
  6.600
  7.603
 24.667
 56.667
  5.800
  6.600
  7.603
 47.667
 79.667
  5.800
 12.000
  3.801
 77.667
109.667
  5.800
 12.000
  3.801
107.667
139.667
  5.800
 12.000
  3.801
137.667
169.667
  5.800
 12.000
  3.801
167.667
199.667
  5.800
 12.000
  1.000
480.000
  2.011
 20.000
  9.000
-31.000
464.333
  4.200
 22.808
 -8.000
441.333
  6.600
  7.603
 24.667
408.666
  6.600
  7.603
 56.667
376.666
  6.600
  7.603
 79.667
353.666
 12.000
  7.603
109.667
323.666
 12.000
  3.801
139.667
293.666
 12.000
  3.801
169.667
263.666
 12.000
  3.801
199.667
233.666
 12.000
  3.801
  1.000
-31.000
464.333
  5.800
  4.524
  0.000
  0.000
  0.000
  0.000
  8.000
  2.000
  2.000
  2.000
  2.000
  2.000
  2.000
  2.000
  2.000
  4.524
  2.513
 13.572
  2.513
 13.572
  5.655
 12.441
  4.524
487.000
 47.500
499.000
 47.500
487.000
 39.000
499.000
 40.500
469.000
 47.500
487.000
 47.500
469.000
 37.500
487.000
 39.000
403.500
 47.500
433.000
 47.500
403.500
 37.500
433.000
 37.500
377.000
 37.500
403.500
 37.500
377.000
 47.500
403.500
 47.500
  0.000
  3.000
  0.000
216.667
433.333
  2.000
 12.000
  2.000
 12.000
  5.000
 10.000
  0.000
  1.000
 13.000
430.000
  0.000
430.000
 35.000
377.000
 35.000
377.000
 50.000
488.000
 50.000
492.000
 80.000
492.000
 81.000
502.000
 81.000
502.000
 80.000
502.000
 50.000
502.000
 38.000
472.000
 35.000
472.000
  0.000
  0.000
  8.000
  7.603
-28.000
 -8.000
 18.000
  6.600
  7.603
-13.000
 24.667
  5.800
  6.600
  7.603
 24.667
 56.667
  5.800
  6.600
  7.603
 47.667
 79.667
  5.800
 12.000
  3.801
 77.667
109.667
  5.800
 12.000
  3.801
107.667
139.667
  5.800
 12.000
  3.801
137.667
169.667
  5.800
 12.000
  3.801
167.667
199.667
  5.800
 12.000
  1.000
480.000
  2.011
 20.000
  9.000
-31.000
464.333
  4.200
 22.808
 -8.000
441.333
  6.600
  7.603
 24.667
408.666
  6.600
  7.603
 56.667
376.666
  6.600
  7.603
 79.667
353.666
 12.000
  7.603
109.667
323.666
 12.000
  3.801
139.667
293.666
 12.000
  3.801
169.667
263.666
 12.000
  3.801
199.667
233.666
 12.000
  3.801
  1.000
-31.000
464.333
  5.800
  4.524
  1.000
6
22
 -17.5 -10.5 -3.5 3.5 10.5 17.5 
2
22
 -19.0 19.0 
2
22
 -12.5 12.5 
2
22
 -6.0 6.0 
2
22
 -19.0 19.0 
1
22
 -15.0 
1
22
 15.0 
1
22
 -7.5 
1
22
 7.5 
4
12
 -18.0 -6.0 6.0 18.0 
4
12
5
8
12
12
5
8
12
12
5
12
11
12
4
12
6
22
 -17.5 -10.5 -3.5 3.5 10.5 17.5 
2
22
 -19.0 19.0 
2
22
 -12.5 12.5 
2
22
 -6.0 6.0 
2
22
 -19.0 19.0 
1
22
 -15.0 
1
22
 15.0 
1
22
 -7.5 
1
22
 7.5 
4
12
 -18.0 -6.0 6.0 18.0 
4
12
5
8
12
12
5
8
12
12
5
12
6
22
 -17.5 -10.5 -3.5 3.5 10.5 17.5 
2
22
 -19.0 19.0 
2
22
 -12.5 12.5 
2
22
 -6.0 6.0 
2
22
 -19.0 19.0 
1
22
 -15.0 
1
22
 15.0 
1
22
 -7.5 
1
22
 7.5 
4
12
 -18.0 -6.0 6.0 18.0 
4
12
5
8
12
12
5
8
12
12
5
12
6
22
 -17.5 -10.5 -3.5 3.5 10.5 17.5 
2
22
 -19.0 19.0 
2
22
 -12.5 12.5 
2
22
 -6.0 6.0 
2
22
 -19.0 19.0 
1
22
 -15.0 
1
22
 15.0 
1
22
 -7.5 
1
22
 7.5 
4
12
 -18.0 -6.0 6.0 18.0 
4
12
5
8
12
12
5
8
12
12
5
12
11
12
4
12
