3
Пролетное строение инв 2272 ЦКБ Главмостостроя МПС 1947 год
L0=800 Lp=930 n4_0800.38
*
  1.000
 20.000
  0.000
  0.000
  0.000
  0.000
  0.000
843.333
 21.667
821.667
930.000
  4.000
 72.000
169.500
230.500
328.000
  0.000
  0.000
200.000
200.000
  1.000
 10.000
 20.000
130.000
 10.000
160.000
 10.000
160.000
 10.000
160.000
 20.000
180.000
380.000
180.000
390.000
160.000
390.000
160.000
390.000
160.000
380.000
130.000
  0.000
  0.000
  0.000
  0.000
  8.000
  2.000
  2.000
  2.000
  2.000
  2.000
  2.000
  2.000
  2.000
  5.655
  3.927
 11.310
  3.927
 11.310
  3.927
  9.048
  5.655
  7.000
127.500
 33.000
127.500
  9.000
120.500
 33.000
118.500
 33.000
127.500
 63.000
127.500
 33.000
118.500
 63.000
116.500
 81.000
127.500
102.000
127.500
 81.000
116.500
102.000
116.500
102.000
116.500
120.000
116.500
102.000
127.500
120.000
127.500
  0.000
  3.000
  0.000
421.667
843.333
  2.000
 12.000
  2.000
 12.000
  4.000
  9.000
  1.000
  0.000
 13.000
 60.000
  0.000
 60.000
114.000
  6.000
118.000
  4.000
130.000
  0.000
160.000
  0.000
160.000
 10.000
160.000
 10.000
160.000
 20.000
130.000
120.000
130.000
120.000
114.000
 84.000
114.000
 84.000
  0.000
  0.000
  6.000
  9.425
-40.000
  1.667
 84.000
  4.000
  9.425
-40.000
 41.667
 42.300
  5.700
  9.425
-16.000
 96.667
  6.300
 10.700
  9.425
 53.667
166.667
  4.600
 12.400
  6.283
134.667
241.667
  5.600
 17.400
  6.283
209.667
316.667
  5.600
 17.400
  1.000
915.000
  1.131
 15.000
  7.000
-38.000
881.333
  4.000
 18.850
  1.667
841.666
  4.000
  9.425
 41.667
801.666
  5.700
  9.425
 96.667
746.666
 10.700
  9.425
166.667
676.666
 12.400
  9.425
241.667
601.666
 17.400
  6.283
316.667
526.666
 17.400
  6.283
  1.000
-38.000
881.333
  5.900
  4.524
  6.000
  2.000
  2.000
  2.000
  2.000
  2.000
  2.000
  9.048
  5.655
 11.310
  3.927
 11.310
  3.927
120.000
116.500
138.000
116.500
120.000
127.500
138.000
127.500
138.000
127.500
159.000
127.500
138.000
116.500
159.000
116.500
178.500
127.500
197.000
127.500
178.500
116.500
197.000
120.500
  0.000
  3.000
  0.000
421.667
843.333
  2.000
  7.000
  2.000
  7.000
  0.000
  1.000
  8.000
156.000
  0.000
156.000
114.000
120.000
114.000
120.000
130.000
200.000
130.000
200.000
118.000
181.500
114.000
181.500
  0.000
  0.000
  6.000
  9.425
-40.000
  1.667
 84.000
  4.000
  9.425
-40.000
 41.667
 42.300
  5.700
  9.425
-16.000
 96.667
  6.300
 10.700
  9.425
 53.667
166.667
  4.600
 12.400
  6.283
134.667
241.667
  5.600
 17.400
  6.283
209.667
316.667
  5.600
 17.400
  1.000
915.000
  1.131
 15.000
  7.000
-38.000
881.333
  4.000
 18.850
  1.667
841.666
  4.000
  9.425
 41.667
801.666
  5.700
  9.425
 96.667
746.666
 10.700
  9.425
166.667
676.666
 12.400
  9.425
241.667
601.666
 17.400
  6.283
316.667
526.666
 17.400
  6.283
  1.000
-38.000
881.333
  5.900
  4.524
  6.000
  2.000
  2.000
  2.000
  2.000
  2.000
  2.000
  9.048
  5.655
 11.310
  3.927
 11.310
  3.927
260.500
116.500
278.500
116.500
260.500
127.500
278.500
127.500
239.500
127.500
260.500
127.500
239.500
116.500
260.500
116.500
203.000
127.500
221.500
127.500
203.000
120.500
221.500
116.500
  0.000
  3.000
  0.000
421.667
843.333
  2.000
  7.000
  2.000
  7.000
  1.000
  0.000
  8.000
218.500
  0.000
218.500
114.000
200.000
118.000
200.000
130.000
278.500
130.000
278.500
114.000
242.500
114.000
242.500
  0.000
  0.000
  6.000
  9.425
-40.000
  1.667
 84.000
  4.000
  9.425
-40.000
 41.667
 42.300
  5.700
  9.425
-16.000
 96.667
  6.300
 10.700
  9.425
 53.667
166.667
  4.600
 12.400
  6.283
134.667
241.667
  5.600
 17.400
  6.283
209.667
316.667
  5.600
 17.400
  1.000
915.000
  1.131
 15.000
  7.000
-38.000
881.333
  4.000
 18.850
  1.667
841.666
  4.000
  9.425
 41.667
801.666
  5.700
  9.425
 96.667
746.666
 10.700
  9.425
166.667
676.666
 12.400
  9.425
241.667
601.666
 17.400
  6.283
316.667
526.666
 17.400
  6.283
  1.000
-38.000
881.333
  5.900
  4.524
  0.000
  0.000
  0.000
  0.000
  8.000
  2.000
  2.000
  2.000
  2.000
  2.000
  2.000
  2.000
  2.000
  5.655
  3.927
 11.310
  3.927
 11.310
  3.927
  9.048
  5.655
367.000
127.500
393.000
127.500
367.000
118.500
391.000
120.500
337.000
127.500
367.000
127.500
337.000
116.500
367.000
118.500
298.000
127.500
319.000
127.500
298.000
116.500
319.000
116.500
280.000
116.500
298.000
116.500
280.000
127.500
298.000
127.500
  0.000
  3.000
  0.000
421.667
843.333
  2.000
 12.000
  2.000
 12.000
  5.000
 10.000
  0.000
  1.000
 13.000
316.000
  0.000
316.000
114.000
280.000
114.000
280.000
130.000
380.000
130.000
390.000
160.000
390.000
160.000
400.000
160.000
400.000
160.000
396.000
130.000
394.000
118.000
340.000
114.000
340.000
  0.000
  0.000
  6.000
  9.425
-40.000
  1.667
 84.000
  4.000
  9.425
-40.000
 41.667
 42.300
  5.700
  9.425
-16.000
 96.667
  6.300
 10.700
  9.425
 53.667
166.667
  4.600
 12.400
  6.283
134.667
241.667
  5.600
 17.400
  6.283
209.667
316.667
  5.600
 17.400
  1.000
915.000
  1.131
 15.000
  7.000
-38.000
881.333
  4.000
 18.850
  1.667
841.666
  4.000
  9.425
 41.667
801.666
  5.700
  9.425
 96.667
746.666
 10.700
  9.425
166.667
676.666
 12.400
  9.425
241.667
601.666
 17.400
  6.283
316.667
526.666
 17.400
  6.283
  1.000
-38.000
881.333
  5.900
  4.524
  1.000
6
20
 -10.0 -6.0 -2.0 2.0 6.0 10.0 
3
20
 -4.0 0.0 4.0 
3
20
 -10.0 0.0 10.0 
3
20
 -10.0 0.0 10.0 
3
20
 -10.0 0.0 10.0 
2
20
 -10.0 10.0 
2
20
 -5.0 5.0 
4
16
 -9.9 -3.3 3.3 9.9 
5
12
5
10
10
12
5
10
10
12
5
10
8
12
5
12
6
20
 -10.0 -6.0 -2.0 2.0 6.0 10.0 
3
20
 -4.0 0.0 4.0 
3
20
 -10.0 0.0 10.0 
3
20
 -10.0 0.0 10.0 
3
20
 -10.0 0.0 10.0 
2
20
 -10.0 10.0 
2
20
 -5.0 5.0 
4
16
 -9.9 -3.3 3.3 9.9 
5
12
5
10
10
12
5
10
10
12
5
10
6
20
 -10.0 -6.0 -2.0 2.0 6.0 10.0 
3
20
 -4.0 0.0 4.0 
3
20
 -10.0 0.0 10.0 
3
20
 -10.0 0.0 10.0 
3
20
 -10.0 0.0 10.0 
2
20
 -10.0 10.0 
2
20
 -5.0 5.0 
4
16
 -9.9 -3.3 3.3 9.9 
5
12
5
10
10
12
5
10
10
12
5
10
6
20
 -10.0 -6.0 -2.0 2.0 6.0 10.0 
3
20
 -4.0 0.0 4.0 
3
20
 -10.0 0.0 10.0 
3
20
 -10.0 0.0 10.0 
3
20
 -10.0 0.0 10.0 
2
20
 -10.0 10.0 
2
20
 -5.0 5.0 
4
16
 -9.9 -3.3 3.3 9.9 
5
12
5
10
10
12
5
10
10
12
5
10
8
12
5
12
