3
Типовой проект инв. N2076  1946 г.
L0=6.00   HB=50  см.
n4_0600.32
  1.000
 30.000
  0.000
  0.000
  0.000
  0.000
  0.000
632.000
 16.000
616.000
696.000
  4.000
 50.000
150.000
250.000
350.000
  0.000
  0.000
200.000
200.000
  1.000
  6.000
 15.000
 70.000
 10.000
105.000
 40.000
120.000
360.000
120.000
390.000
105.000
385.000
 70.000
  0.000
  0.000
  0.000
  0.000
  2.000
  2.000
  2.000
  3.930
  3.930
  3.000
 57.500
100.000
 57.500
  3.000
 67.500
100.000
 67.500
  0.000
  3.000
  0.000
316.000
632.000
 11.000
  8.000
 11.000
  8.000
  2.000
  5.000
  1.000
  0.000
 11.000
  0.000
 55.000
  0.000
 70.000
  0.000
105.000
 10.000
105.000
 15.000
 70.000
100.000
 70.000
100.000
 55.000
 65.000
 55.000
 65.000
  0.000
 35.000
  0.000
 35.000
 55.000
  0.000
  6.000
 10.620
-10.000
 46.000
  4.300
  4.300
 15.930
 40.000
 96.000
  4.300
  9.900
 10.620
 90.000
146.000
  4.300
  9.900
  7.600
146.000
196.000
  4.300
 15.500
  3.800
196.000
244.000
  4.300
 15.500
  3.800
246.000
296.000
  4.300
 15.500
  1.000
680.000
  2.010
 20.000
  7.000
-30.000
662.000
  4.300
 15.930
 46.000
586.000
  4.300
 10.620
 96.000
536.000
  9.900
 15.930
146.000
486.000
  9.900
 10.620
196.000
436.000
 15.500
  7.600
246.000
386.000
 15.500
  3.800
296.000
336.000
 15.500
  3.800
  0.000
  2.000
  2.000
  2.000
  3.930
  3.930
100.000
 57.500
200.000
 57.500
100.000
 67.500
200.000
 67.500
  0.000
  3.000
  0.000
316.000
632.000
  2.000
  7.000
  2.000
  7.000
  0.000
  1.000
  8.000
135.000
  0.000
135.000
 55.000
100.000
 55.000
100.000
 70.000
200.000
 70.000
200.000
 55.000
165.000
 55.000
165.000
  0.000
  0.000
  6.000
 10.620
-10.000
 46.000
  4.300
  4.300
 15.930
 40.000
 96.000
  4.300
  9.900
 10.620
 90.000
146.000
  4.300
  9.900
  7.600
146.000
196.000
  4.300
 15.500
  3.800
196.000
244.000
  4.300
 15.500
  3.800
246.000
296.000
  4.300
 15.500
  1.000
680.000
  2.010
 20.000
  7.000
-30.000
662.000
  4.300
 15.930
 46.000
586.000
  4.300
 10.620
 96.000
536.000
  9.900
 15.930
146.000
486.000
  9.900
 10.620
196.000
436.000
 15.500
  7.600
246.000
386.000
 15.500
  3.800
296.000
336.000
 15.500
  3.800
  0.000
  2.000
  2.000
  2.000
  3.930
  3.930
200.000
 57.500
300.000
 57.500
200.000
 67.500
300.000
 67.500
  0.000
  3.000
  0.000
316.000
632.000
  2.000
  7.000
  2.000
  7.000
  1.000
  0.000
  8.000
235.000
  0.000
235.000
 55.000
200.000
 55.000
200.000
 70.000
300.000
 70.000
300.000
 55.000
265.000
 55.000
265.000
  0.000
  0.000
  6.000
 10.620
-10.000
 46.000
  4.300
  4.300
 15.930
 40.000
 96.000
  4.300
  9.900
 10.620
 90.000
146.000
  4.300
  9.900
  7.600
146.000
196.000
  4.300
 15.500
  3.800
196.000
244.000
  4.300
 15.500
  3.800
246.000
296.000
  4.300
 15.500
  1.000
680.000
  2.010
 20.000
  7.000
-30.000
662.000
  4.300
 15.930
 46.000
586.000
  4.300
 10.620
 96.000
536.000
  9.900
 15.930
146.000
486.000
  9.900
 10.620
196.000
436.000
 15.500
  7.600
246.000
386.000
 15.500
  3.800
296.000
336.000
 15.500
  3.800
  0.000
  0.000
  0.000
  0.000
  0.000
  2.000
  2.000
  2.000
  3.930
  3.930
300.000
 57.500
397.000
 57.500
300.000
 67.500
397.000
 67.500
  0.000
  3.000
  0.000
316.000
632.000
  2.000
 10.000
  2.000
 10.000
  5.000
  8.000
  0.000
  1.000
 11.000
335.000
  0.000
335.000
 55.000
300.000
 55.000
300.000
 70.000
385.000
 70.000
390.000
105.000
400.000
105.000
400.000
 70.000
400.000
 55.000
365.000
 55.000
365.000
  0.000
  0.000
  6.000
 10.620
-10.000
 46.000
  4.300
  4.300
 15.930
 40.000
 96.000
  4.300
  9.900
 10.620
 90.000
146.000
  4.300
  9.900
  7.600
146.000
196.000
  4.300
 15.500
  3.800
196.000
244.000
  4.300
 15.500
  3.800
246.000
296.000
  4.300
 15.500
  1.000
680.000
  2.010
 20.000
  7.000
-30.000
662.000
  4.300
 15.930
 46.000
586.000
  4.300
 10.620
 96.000
536.000
  9.900
 15.930
146.000
486.000
  9.900
 10.620
196.000
436.000
 15.500
  7.600
246.000
386.000
 15.500
  3.800
296.000
336.000
 15.500
  3.800
  0.000
  1.000
3
26
 -13.0 0.0 13.0 
2
26
 -6.5 6.5 
3
26
 -13.0 0.0 13.0 
2
26
 -6.5 6.5 
2
22
 -13.0 13.0 
1
22
 6.5 
1
22
 -6.5 
5
10
5
10
3
26
 -13.0 0.0 13.0 
2
26
 -6.5 6.5 
3
26
 -13.0 0.0 13.0 
2
26
 -6.5 6.5 
2
22
 -13.0 13.0 
1
22
 6.5 
1
22
 -6.5 
5
10
5
10
3
26
 -13.0 0.0 13.0 
2
26
 -6.5 6.5 
3
26
 -13.0 0.0 13.0 
2
26
 -6.5 6.5 
2
22
 -13.0 13.0 
1
22
 6.5 
1
22
 -6.5 
5
10
5
10
3
26
 -13.0 0.0 13.0 
2
26
 -6.5 6.5 
3
26
 -13.0 0.0 13.0 
2
26
 -6.5 6.5 
2
22
 -13.0 13.0 
1
22
 6.5 
1
22
 -6.5 
5
10
5
10
