         2
n4_0600.61
*

         1
        40
         1         1         1         1
         0   643.333    21.667   621.667
       730
         4
        51       199       303       451
         0
         0
       251       251
         1
        10
        14        65
        10        95
        10        95
        10        95
        35       115
       467       115
       492        95
       492        95
       492        95
       488        65

         0         0         0         0
         8
         2         2         2         2         2         2         2         2
    13.572     2.513    13.572     2.513    13.572     2.513    12.441     4.524
         3        63         0        63         3        55         0        55         0        63        33        63         0        55        33        50        69        63    98.500        63        69        55    98.500        55    98.500        55       125        55    98.500        63       125        63
         0

         3
         0   321.667   643.333
         2        12         3        12
         5         9
         1         0
        13
        30         0        30        50         0        53         0        53         0        65         0        95        10        95        10        95        14        65       125        65       125        53        72        53        72         0
         0

         9
    12.315       -38       -13    35.300     4.700
    12.315       -18    31.667     7.500     7.500
    12.315    16.667    66.667     7.500     7.500
    12.315    51.667   101.667     7.500     7.500
    12.315    91.667   136.667     6.100    13.900
     6.158   131.667   176.667     6.100    13.900
    12.315   171.667   216.667     6.100    13.900
     6.158   211.667   256.667     6.100    13.900
     6.158   251.667   296.667     6.100    13.900
         1
   681.667     2.011        20
        10
       -38   681.667     4.700    24.630
       -13   656.667     4.700    12.315
    31.667   611.667     7.500    12.315
    66.667   576.667     7.500    12.315
   101.667   541.667     7.500    12.315
   136.667   506.667    13.900    12.315
   176.667   466.667    13.900     6.158
   216.667   426.667    13.900    12.315
   256.667   386.667    13.900     6.158
   296.667   346.667    13.900     6.158
         1
       -38   681.667         6     4.524

         8
         2         2         2         2         2         2         2         2
    12.441     4.524    13.572     2.513    13.572     2.513    12.441     4.524
       125        55   151.500        55       125        63   151.500        63   151.500        63       181        63   151.500        55       181        55       217        63   235.500        63       217        55   235.500        55   235.500        55       251        55   235.500        63       251        63
         0

         3
         0   321.667   643.333
         2         7         2         7
         0         0
         8
       178         0       178        53       125        53       125        65       251        65       251        53       220        53       220         0
         0

         9
    12.315       -38       -13    35.300     4.700
    12.315       -18    31.667     7.500     7.500
    12.315    16.667    66.667     7.500     7.500
    12.315    51.667   101.667     7.500     7.500
    12.315    91.667   136.667     6.100    13.900
     6.158   131.667   176.667     6.100    13.900
    12.315   171.667   216.667     6.100    13.900
     6.158   211.667   256.667     6.100    13.900
     6.158   251.667   296.667     6.100    13.900
         1
   681.667     2.011        20
        10
       -38   681.667     4.700    24.630
       -13   656.667     4.700    12.315
    31.667   611.667     7.500    12.315
    66.667   576.667     7.500    12.315
   101.667   541.667     7.500    12.315
   136.667   506.667    13.900    12.315
   176.667   466.667    13.900     6.158
   216.667   426.667    13.900    12.315
   256.667   386.667    13.900     6.158
   296.667   346.667    13.900     6.158
         1
       -38   681.667         6     4.524

         8
         2         2         2         2         2         2         2         2
    12.441     4.524    13.572     2.513    13.572     2.513    12.441     4.524
       251        55   266.500        55       251        63   266.500        63   266.500        63       285        63   266.500        55       285        55       321        63   350.500        63       321        55   350.500        55   350.500        55       377        55   350.500        63       377        63
         0

         3
         0   321.667   643.333
         2         7         2         7
         0         0
         8
       282         0       282        53       251        53       251        65       377        65       377        53       324        53       324         0
         0

         9
    12.315       -38       -13    35.300     4.700
    12.315       -18    31.667     7.500     7.500
    12.315    16.667    66.667     7.500     7.500
    12.315    51.667   101.667     7.500     7.500
    12.315    91.667   136.667     6.100    13.900
     6.158   131.667   176.667     6.100    13.900
    12.315   171.667   216.667     6.100    13.900
     6.158   211.667   256.667     6.100    13.900
     6.158   251.667   296.667     6.100    13.900
         1
   681.667     2.011        20
        10
       -38   681.667     4.700    24.630
       -13   656.667     4.700    12.315
    31.667   611.667     7.500    12.315
    66.667   576.667     7.500    12.315
   101.667   541.667     7.500    12.315
   136.667   506.667    13.900    12.315
   176.667   466.667    13.900     6.158
   216.667   426.667    13.900    12.315
   256.667   386.667    13.900     6.158
   296.667   346.667    13.900     6.158
         1
       -38   681.667         6     4.524
         0         0         0         0
         8
         2         2         2         2         2         2         2         2
    13.572     2.513    13.572     2.513    13.572     2.513    12.441     4.524
       499        63       502        63       499        55       502        55       502        63       469        63       502        55       469        50       433        63   403.500        63       433        55   403.500        55   403.500        55       377        55   403.500        63       377        63
         0

         3
         0   321.667   643.333
         2        12         2        11
         5         9
         0         1
        13
       430         0       430        53       377        53       377        65       488        65       492        95       492        95       502        95       502        65       502        53       502        53       472        50       472         0
         0

         9
    12.315       -38       -13    35.300     4.700
    12.315       -18    31.667     7.500     7.500
    12.315    16.667    66.667     7.500     7.500
    12.315    51.667   101.667     7.500     7.500
    12.315    91.667   136.667     6.100    13.900
     6.158   131.667   176.667     6.100    13.900
    12.315   171.667   216.667     6.100    13.900
     6.158   211.667   256.667     6.100    13.900
     6.158   251.667   296.667     6.100    13.900
         1
   681.667     2.011        20
        10
       -38   681.667     4.700    24.630
       -13   656.667     4.700    12.315
    31.667   611.667     7.500    12.315
    66.667   576.667     7.500    12.315
   101.667   541.667     7.500    12.315
   136.667   506.667    13.900    12.315
   176.667   466.667    13.900     6.158
   216.667   426.667    13.900    12.315
   256.667   386.667    13.900     6.158
   296.667   346.667    13.900     6.158
         1
       -38   681.667         6     4.524
         1
4
28
 -19.0 -6.3 6.3 19.0 
2
28
 -10.0 10.0 
2
28
 -19.0 19.0 
2
28
 -10.0 10.0 
2
28
 -5.0 5.0 
2
28
 -19.0 19.0 
1
28
 -5.0 
2
28
 -10.0 10.0 
1
28
 5.0 
1
28
 0.0 
4
12
 -19.0 -6.3 6.3 19.0 
12
12
5
8
12
12
5
8
12
12
5
8
11
12
4
12
4
28
 -19.0 -6.3 6.3 19.0 
2
28
 -10.0 10.0 
2
28
 -19.0 19.0 
2
28
 -10.0 10.0 
2
28
 -5.0 5.0 
2
28
 -19.0 19.0 
1
28
 -5.0 
2
28
 -10.0 10.0 
1
28
 5.0 
1
28
 0.0 
4
12
 -19.0 -6.3 6.3 19.0 
12
12
5
8
12
12
5
8
12
12
5
8
11
12
4
12
4
28
 -19.0 -6.3 6.3 19.0 
2
28
 -10.0 10.0 
2
28
 -19.0 19.0 
2
28
 -10.0 10.0 
2
28
 -5.0 5.0 
2
28
 -19.0 19.0 
1
28
 -5.0 
2
28
 -10.0 10.0 
1
28
 5.0 
1
28
 0.0 
4
12
 -19.0 -6.3 6.3 19.0 
12
12
5
8
12
12
5
8
12
12
5
8
11
12
4
12
4
28
 -19.0 -6.3 6.3 19.0 
2
28
 -10.0 10.0 
2
28
 -19.0 19.0 
2
28
 -10.0 10.0 
2
28
 -5.0 5.0 
2
28
 -19.0 19.0 
1
28
 -5.0 
2
28
 -10.0 10.0 
1
28
 5.0 
1
28
 0.0 
4
12
 -19.0 -6.3 6.3 19.0 
12
12
5
8
12
12
5
8
12
12
5
8
11
12
4
12
