         2
n4_0600.60
*

         1
        20
         1         1         1         1
         0   433.333    16.667   416.667
       500
         4
        51       249       353       551
         0
         0
       301       301
         1
        10
        14        50
        10        80
        10        80
        10        80
        35       100
       567       100
       592        80
       592        80
       592        80
       588        50

         0         0         0         0
         8
         2         2         2         2         2         2         2         2
    13.572     2.513    13.572     2.513    13.572     2.513    12.441     4.524
         3        48        30        48         3        37        30        37        30        48        33        48        30        37        33        35        69        48       111        48        69        37       111        37       111        37       150        37       111        48       150        48
         0

         3
         0   216.667   433.333
         2        12         3        12
         5         9
         1         0
        13
        30         0        30        35        30        35         0        35         0        50         0        80        10        80        10        80        14        50       150        50       150        35        72        35        72         0
         0

         8
    22.808       -28        -8    23.400     6.600
     7.603       -16    16.667         5        12
     7.603    13.667    46.667         5        12
     7.603    43.667    76.667         5        12
     7.603    76.667   106.667     5.600    14.400
     7.603   106.667   136.667     5.600    14.400
     7.603   136.667   166.667     5.600    14.400
     7.603   166.667   196.667     5.600    14.400
         1
   456.667     2.011        20
         9
       -28   461.667     4.200    22.808
        -8   441.667     6.600    22.808
    16.667   416.667        12     7.603
    46.667   386.667        12     7.603
    76.667   356.667        12     7.603
   106.667   326.667    14.400     7.603
   136.667   296.667    14.400     7.603
   166.667   266.667    14.400     7.603
   196.667   236.667    14.400     7.603
         1
       -28   461.667     5.800     4.524

         8
         2         2         2         2         2         2         2         2
    12.441     4.524    13.572     2.513    13.572     2.513    12.441     4.524
       150        37       189        37       150        48       189        48       189        48       231        48       189        37       231        37       267        48   285.500        48       267        37   285.500        37   285.500        37       301        37   285.500        48       301        48
         0

         3
         0   216.667   433.333
         2         7         2         7
         0         0
         8
       228         0       228        35       150        35       150        50       301        50       301        35       270        35       270         0
         0

         8
    22.808       -28        -8    23.400     6.600
     7.603       -16    16.667         5        12
     7.603    13.667    46.667         5        12
     7.603    43.667    76.667         5        12
     7.603    76.667   106.667     5.600    14.400
     7.603   106.667   136.667     5.600    14.400
     7.603   136.667   166.667     5.600    14.400
     7.603   166.667   196.667     5.600    14.400
         1
   456.667     2.011        20
         9
       -28   461.667     4.200    22.808
        -8   441.667     6.600    22.808
    16.667   416.667        12     7.603
    46.667   386.667        12     7.603
    76.667   356.667        12     7.603
   106.667   326.667    14.400     7.603
   136.667   296.667    14.400     7.603
   166.667   266.667    14.400     7.603
   196.667   236.667    14.400     7.603
         1
       -28   461.667     5.800     4.524

         8
         2         2         2         2         2         2         2         2
    12.441     4.524    13.572     2.513    13.572     2.513    12.441     4.524
       301        37   316.500        37       301        48   316.500        48   316.500        48       335        48   316.500        37       335        37       371        48       413        48       371        37       413        37       413        37       452        37       413        48       452        48
         0

         3
         0   216.667   433.333
         2         7         2         7
         0         0
         8
       332         0       332        35       301        35       301        50       452        50       452        35       374        35       374         0
         0

         8
    22.808       -28        -8    23.400     6.600
     7.603       -16    16.667         5        12
     7.603    13.667    46.667         5        12
     7.603    43.667    76.667         5        12
     7.603    76.667   106.667     5.600    14.400
     7.603   106.667   136.667     5.600    14.400
     7.603   136.667   166.667     5.600    14.400
     7.603   166.667   196.667     5.600    14.400
         1
   456.667     2.011        20
         9
       -28   461.667     4.200    22.808
        -8   441.667     6.600    22.808
    16.667   416.667        12     7.603
    46.667   386.667        12     7.603
    76.667   356.667        12     7.603
   106.667   326.667    14.400     7.603
   136.667   296.667    14.400     7.603
   166.667   266.667    14.400     7.603
   196.667   236.667    14.400     7.603
         1
       -28   461.667     5.800     4.524
         0         0         0         0
         8
         2         2         2         2         2         2         2         2
    13.572     2.513    13.572     2.513    13.572     2.513    12.441     4.524
       599        48       572        48       599        37       572        37       572        48       569        48       572        37       569        35       533        48       491        48       533        37       491        37       491        37       452        37       491        48       452        48
         0

         3
         0   216.667   433.333
         2        12         2        11
         5         9
         0         1
        13
       530         0       530        35       452        35       452        50       588        50       592        80       592        80       602        80       602        50       602        35       572        35       572        35       572         0
         0

         8
    22.808       -28        -8    23.400     6.600
     7.603       -16    16.667         5        12
     7.603    13.667    46.667         5        12
     7.603    43.667    76.667         5        12
     7.603    76.667   106.667     5.600    14.400
     7.603   106.667   136.667     5.600    14.400
     7.603   136.667   166.667     5.600    14.400
     7.603   166.667   196.667     5.600    14.400
         1
   456.667     2.011        20
         9
       -28   461.667     4.200    22.808
        -8   441.667     6.600    22.808
    16.667   416.667        12     7.603
    46.667   386.667        12     7.603
    76.667   356.667        12     7.603
   106.667   326.667    14.400     7.603
   136.667   296.667    14.400     7.603
   166.667   266.667    14.400     7.603
   196.667   236.667    14.400     7.603
         1
       -28   461.667     5.800     4.524
         1
6
22
 -19.0 -11.4 -3.8 3.8 11.4 19.0 
6
22
 -19.0 -11.4 -3.8 3.8 11.4 19.0 
2
22
 -19.0 19.0 
2
22
 -15.0 15.0 
2
22
 -10.0 10.0 
2
22
 -19.0 19.0 
2
22
 -15.0 15.0 
2
22
 -10.0 10.0 
2
22
 -5.0 5.0 
4
12
 -19.0 -6.3 6.3 19.0 
12
12
5
8
12
12
5
8
12
12
5
8
11
12
4
12
6
22
 -19.0 -11.4 -3.8 3.8 11.4 19.0 
6
22
 -19.0 -11.4 -3.8 3.8 11.4 19.0 
2
22
 -19.0 19.0 
2
22
 -15.0 15.0 
2
22
 -10.0 10.0 
2
22
 -19.0 19.0 
2
22
 -15.0 15.0 
2
22
 -10.0 10.0 
2
22
 -5.0 5.0 
4
12
 -19.0 -6.3 6.3 19.0 
12
12
5
8
12
12
5
8
12
12
5
8
11
12
4
12
6
22
 -19.0 -11.4 -3.8 3.8 11.4 19.0 
6
22
 -19.0 -11.4 -3.8 3.8 11.4 19.0 
2
22
 -19.0 19.0 
2
22
 -15.0 15.0 
2
22
 -10.0 10.0 
2
22
 -19.0 19.0 
2
22
 -15.0 15.0 
2
22
 -10.0 10.0 
2
22
 -5.0 5.0 
4
12
 -19.0 -6.3 6.3 19.0 
12
12
5
8
12
12
5
8
12
12
5
8
11
12
4
12
6
22
 -19.0 -11.4 -3.8 3.8 11.4 19.0 
6
22
 -19.0 -11.4 -3.8 3.8 11.4 19.0 
2
22
 -19.0 19.0 
2
22
 -15.0 15.0 
2
22
 -10.0 10.0 
2
22
 -19.0 19.0 
2
22
 -15.0 15.0 
2
22
 -10.0 10.0 
2
22
 -5.0 5.0 
4
12
 -19.0 -6.3 6.3 19.0 
12
12
5
8
12
12
5
8
12
12
5
8
11
12
4
12
