3
Типовой проект инв N2076  1946 г.
L0=4.00  HB=50 см.
n4_0400.32
  1.000
 30.000
  0.000
  0.000
  0.000
  0.000
  0.000
433.000
 16.500
416.500
500.000
  4.000
 63.000
154.000
246.000
337.000
  0.000
  0.000
200.000
200.000
  1.000
  6.000
 15.000
 60.000
 10.000
 95.000
 40.000
110.000
360.000
110.000
390.000
 95.000
385.000
 60.000
  0.000
  0.000
  0.000
  0.000
  2.000
  2.000
  2.000
  5.430
  5.430
  3.000
 47.500
108.500
 47.500
  3.000
 57.500
108.500
 57.500
  0.000
  3.000
  0.000
216.500
433.000
 11.000
  8.000
 11.000
  8.000
  2.000
  5.000
  1.000
  0.000
 11.000
  0.000
 45.000
  0.000
 60.000
  0.000
 95.000
 10.000
 95.000
 15.000
 60.000
108.500
 60.000
108.500
 45.000
 76.000
 45.000
 76.000
  0.000
 50.000
  0.000
 50.000
 45.000
  0.000
  5.000
  7.600
-29.000
 30.500
  4.100
  9.300
  7.600
 30.500
 77.500
  4.100
  9.300
  3.800
 76.500
117.500
  4.100
 14.500
  7.600
116.500
157.500
  4.100
 14.500
  3.800
156.500
197.500
  4.100
 14.500
  1.000
480.000
  2.000
 20.000
  6.000
-29.000
462.000
  4.100
 16.200
 30.500
402.500
  9.300
  7.600
 77.500
355.500
  9.300
  7.600
117.500
315.500
 14.500
  3.800
157.500
275.500
 14.500
  7.600
197.500
235.500
 14.500
  3.800
  0.000
  2.000
  2.000
  2.000
  5.430
  5.430
108.500
 47.500
197.000
 47.500
108.500
 57.500
197.000
 57.500
  0.000
  3.000
  0.000
216.500
433.000
  2.000
  7.000
  2.000
  7.000
  0.000
  1.000
  8.000
141.000
  0.000
141.000
 45.000
108.500
 45.000
108.500
 60.000
200.000
 60.000
200.000
 45.000
167.000
 45.000
167.000
  0.000
  0.000
  5.000
  7.600
-29.000
 30.500
  4.100
  9.300
  7.600
 30.500
 77.500
  4.100
  9.300
  3.800
 76.500
117.500
  4.100
 14.500
  7.600
116.500
157.500
  4.100
 14.500
  3.800
156.500
197.500
  4.100
 14.500
  1.000
480.000
  2.000
 20.000
  6.000
-29.000
462.000
  4.100
 16.200
 30.500
402.500
  9.300
  7.600
 77.500
355.500
  9.300
  7.600
117.500
315.500
 14.500
  3.800
157.500
275.500
 14.500
  7.600
197.500
235.500
 14.500
  3.800
  0.000
  2.000
  2.000
  2.000
  5.430
  5.430
203.000
 47.500
291.500
 47.500
203.000
 57.500
291.500
 57.500
  0.000
  3.000
  0.000
216.500
433.000
  2.000
  7.000
  2.000
  7.000
  1.000
  0.000
  8.000
233.000
  0.000
233.000
 45.000
200.000
 45.000
200.000
 60.000
291.500
 60.000
291.500
 45.000
259.000
 45.000
259.000
  0.000
  0.000
  5.000
  7.600
-29.000
 30.500
  4.100
  9.300
  7.600
 30.500
 77.500
  4.100
  9.300
  3.800
 76.500
117.500
  4.100
 14.500
  7.600
116.500
157.500
  4.100
 14.500
  3.800
156.500
197.500
  4.100
 14.500
  1.000
480.000
  2.000
 20.000
  6.000
-29.000
462.000
  4.100
 16.200
 30.500
402.500
  9.300
  7.600
 77.500
355.500
  9.300
  7.600
117.500
315.500
 14.500
  3.800
157.500
275.500
 14.500
  7.600
197.500
235.500
 14.500
  3.800
  0.000
  0.000
  0.000
  0.000
  0.000
  2.000
  2.000
  2.000
  5.430
  5.430
291.500
 47.500
397.000
 47.500
291.500
 57.500
397.000
 57.500
  0.000
  3.000
  0.000
216.500
433.000
  2.000
 10.000
  2.000
 10.000
  5.000
  8.000
  0.000
  1.000
 11.000
324.000
  0.000
324.000
 45.000
291.500
 45.000
291.500
 60.000
385.000
 60.000
390.000
 95.000
400.000
 95.000
400.000
 60.000
400.000
 45.000
350.000
 45.000
350.000
  0.000
  0.000
  5.000
  7.600
-29.000
 30.500
  4.100
  9.300
  7.600
 30.500
 77.500
  4.100
  9.300
  3.800
 76.500
117.500
  4.100
 14.500
  7.600
116.500
157.500
  4.100
 14.500
  3.800
156.500
197.500
  4.100
 14.500
  1.000
480.000
  2.000
 20.000
  6.000
-29.000
462.000
  4.100
 16.200
 30.500
402.500
  9.300
  7.600
 77.500
355.500
  9.300
  7.600
117.500
315.500
 14.500
  3.800
157.500
275.500
 14.500
  7.600
197.500
235.500
 14.500
  3.800
  0.000
  1.000
4
22
 -10.9 -3.6 3.6 10.9 
2
22
 -11.0 11.0 
2
22
 -5.5 5.5 
1
22
 -5.5 
2
22
 -11.0 11.0 
1
22
 5.5 
7
10
7
10
4
22
 -10.9 -3.6 3.6 10.9 
2
22
 -11.0 11.0 
2
22
 -5.5 5.5 
1
22
 -5.5 
2
22
 -11.0 11.0 
1
22
 5.5 
7
10
7
10
4
22
 -10.9 -3.6 3.6 10.9 
2
22
 -11.0 11.0 
2
22
 -5.5 5.5 
1
22
 -5.5 
2
22
 -11.0 11.0 
1
22
 5.5 
7
10
7
10
4
22
 -10.9 -3.6 3.6 10.9 
2
22
 -11.0 11.0 
2
22
 -5.5 5.5 
1
22
 -5.5 
2
22
 -11.0 11.0 
1
22
 5.5 
7
10
7
10
