         2
n4_0600.33
*

         1
        25
         0         0         0         0
         0   633.333    16.667   616.667
       700
         4
        50       150       250       350
         0
         0
       200       200
         1
        10
        15        70
        10       105
        10       105
        10       105
        35       120
       365       120
       390       105
       390       105
       390       105
       385        70

         0         0         0         0
         8
         2         2         2         2         2         2         2         2
     3.927     3.927     3.927     3.927     3.927     3.927     3.927     3.927
         3        68        35        68         3        57        35        57        35        68        38        68        35        57        38        55        62        68    82.250        68        62        57    82.250        57    82.250        57    99.500        57    82.250        68    99.500        68
         0

         3
         0   316.667   633.333
         2        12         3        12
         5         9
         1         0
        13
        35         0        35        55        35        55         0        55         0        70         0       105        10       105        10       105        15        70    99.500        70    99.500        55        65        55        65         0
         0

         6
    10.619       -24    36.667     4.700     4.300
    15.928    41.667    96.667     5.100     9.900
    10.619    91.667   146.667     5.100     9.900
     7.603   146.667   196.667     4.500    15.500
     3.801   196.667   246.667     4.500    15.500
     3.801   246.667   296.667     4.500    15.500
         1
   656.667     2.011        20
         7
       -28   661.667     4.300    15.928
    36.667   596.667     4.300    10.619
    96.667   536.667     9.900    15.928
   146.667   486.667     9.900    10.619
   196.667   436.667    15.500     7.603
   246.667   386.667    15.500     3.801
   296.667   336.667    15.500     3.801
         1
       -28   661.667     4.300     2.356

         8
         2         2         2         2         2         2         2         2
     3.927     3.927     3.927     3.927     3.927     3.927     3.927     3.927
    99.500        57   116.750        57    99.500        68   116.750        68   116.750        68       137        68   116.750        57       137        57       163        68       183        68       163        57       183        57       183        57       200        57       183        68       200        68
         0

         3
         0   316.667   633.333
         2         7         2         7
         0         0
         8
       134         0       134        55    99.500        55    99.500        70       200        70       200        55       166        55       166         0
         0

         6
    10.619       -24    36.667     4.700     4.300
    15.928    41.667    96.667     5.100     9.900
    10.619    91.667   146.667     5.100     9.900
     7.603   146.667   196.667     4.500    15.500
     3.801   196.667   246.667     4.500    15.500
     3.801   246.667   296.667     4.500    15.500
         1
   656.667     2.011        20
         7
       -28   661.667     4.300    15.928
    36.667   596.667     4.300    10.619
    96.667   536.667     9.900    15.928
   146.667   486.667     9.900    10.619
   196.667   436.667    15.500     7.603
   246.667   386.667    15.500     3.801
   296.667   336.667    15.500     3.801
         1
       -28   661.667     4.300     2.356

         8
         2         2         2         2         2         2         2         2
     3.927     3.927     3.927     3.927     3.927     3.927     3.927     3.927
       200        57       217        57       200        68       217        68       217        68       237        68       217        57       237        57       263        68   283.250        68       263        57   283.250        57   283.250        57   300.500        57   283.250        68   300.500        68
         0

         3
         0   316.667   633.333
         2         7         2         7
         0         0
         8
       234         0       234        55       200        55       200        70   300.500        70   300.500        55       266        55       266         0
         0

         6
    10.619       -24    36.667     4.700     4.300
    15.928    41.667    96.667     5.100     9.900
    10.619    91.667   146.667     5.100     9.900
     7.603   146.667   196.667     4.500    15.500
     3.801   196.667   246.667     4.500    15.500
     3.801   246.667   296.667     4.500    15.500
         1
   656.667     2.011        20
         7
       -28   661.667     4.300    15.928
    36.667   596.667     4.300    10.619
    96.667   536.667     9.900    15.928
   146.667   486.667     9.900    10.619
   196.667   436.667    15.500     7.603
   246.667   386.667    15.500     3.801
   296.667   336.667    15.500     3.801
         1
       -28   661.667     4.300     2.356
         0         0         0         0
         8
         2         2         2         2         2         2         2         2
     3.927     3.927     3.927     3.927     3.927     3.927     3.927     3.927
       397        68       365        68       397        57       365        57       365        68       362        68       365        57       362        55       338        68   317.750        68       338        57   317.750        57   317.750        57   300.500        57   317.750        68   300.500        68
         0

         3
         0   316.667   633.333
         2        12         2        11
         5         9
         0         1
        13
       335         0       335        55   300.500        55   300.500        70       385        70       390       105       390       105       400       105       400        70       400        55       365        55       365        55       365         0
         0

         6
    10.619       -24    36.667     4.700     4.300
    15.928    41.667    96.667     5.100     9.900
    10.619    91.667   146.667     5.100     9.900
     7.603   146.667   196.667     4.500    15.500
     3.801   196.667   246.667     4.500    15.500
     3.801   246.667   296.667     4.500    15.500
         1
   656.667     2.011        20
         7
       -28   661.667     4.300    15.928
    36.667   596.667     4.300    10.619
    96.667   536.667     9.900    15.928
   146.667   486.667     9.900    10.619
   196.667   436.667    15.500     7.603
   246.667   386.667    15.500     3.801
   296.667   336.667    15.500     3.801
         1
       -28   661.667     4.300     2.356
         1
3
26
 -13.0 0.0 13.0 
2
26
 -5.0 5.0 
3
26
 -13.0 0.0 13.0 
2
26
 -10.0 10.0 
2
22
 -13.0 13.0 
1
22
 10.0 
1
22
 -10.0 
3
10
 -13.0 0.0 13.0 
5
10
5
10
5
10
5
10
5
10
5
10
5
10
5
10
3
26
 -13.0 0.0 13.0 
2
26
 -5.0 5.0 
3
26
 -13.0 0.0 13.0 
2
26
 -10.0 10.0 
2
22
 -13.0 13.0 
1
22
 10.0 
1
22
 -10.0 
3
10
 -13.0 0.0 13.0 
5
10
5
10
5
10
5
10
5
10
5
10
5
10
5
10
3
26
 -13.0 0.0 13.0 
2
26
 -5.0 5.0 
3
26
 -13.0 0.0 13.0 
2
26
 -10.0 10.0 
2
22
 -13.0 13.0 
1
22
 10.0 
1
22
 -10.0 
3
10
 -13.0 0.0 13.0 
5
10
5
10
5
10
5
10
5
10
5
10
5
10
5
10
3
26
 -13.0 0.0 13.0 
2
26
 -5.0 5.0 
3
26
 -13.0 0.0 13.0 
2
26
 -10.0 10.0 
2
22
 -13.0 13.0 
1
22
 10.0 
1
22
 -10.0 
3
10
 -13.0 0.0 13.0 
5
10
5
10
5
10
5
10
5
10
5
10
5
10
5
10
