         3
Ребристое ПС проектировки ЦКБ Главмостостроя МПС 1947г.
n4_0400.40
*

         1
        17
         1         1         1         1
         0   433.333    16.667   416.667
       500
         4
        75       167       233       325
         0
         0
       200       200
         1
        10
        20        70
        10       100
        10       100
        10       100
        35       120
       365       120
       390       100
       390       100
       390       100
       380        70

         0         0         0         0
         8
         2         2         2         2         2         2         2         2
     5.655     3.927    11.310     3.927    11.310     3.927     5.655     5.655
         7        68        33        68         9        60        33        58        33        68        63        68        33        58        63        57        87        68       105        68        87        57       105        57       105        57       120        57       105        68       120        68
         0

         3
         0   216.667   433.333
         2        12         2        12
         4         9
         1         0
        13
        60         0        60        54         6        58         4        70         0       100         0       100        10       100        10       100        20        70       120        70       120        55        90        55        90         0
         0

         5
     5.089       -28        -3    40.900     4.100
     5.089       -18    36.667     5.800     9.200
     5.089    21.667    76.667     5.800     9.200
     5.089    61.667   116.667     5.800     9.200
     5.089   111.667   161.667     5.700    14.300
         1
   464.167     1.131        15
         6
       -28   461.667     4.100    10.179
        -3   436.667     4.100     5.089
    36.667   396.667     9.200     5.089
    76.667   356.667     9.200     5.089
   116.667   316.667     9.200     5.089
   161.667   271.667    14.300     5.089
         1
       -28   461.667         6     4.524

         6
         2         2         2         2         2         2
     5.655     5.655    11.310     3.927    11.310     3.927
       120        57       135        57       120        68       135        68       135        68       153        68       135        57       153        57       179        68       197        68       179        57       197        60
         0

         3
         0   216.667   433.333
         2         7         2         7
         0         1
         8
       150         0       150        55       120        55       120        70       200        70       200        58       182        54       182         0
         0

         5
     5.089       -28        -3    40.900     4.100
     5.089       -18    36.667     5.800     9.200
     5.089    21.667    76.667     5.800     9.200
     5.089    61.667   116.667     5.800     9.200
     5.089   111.667   161.667     5.700    14.300
         1
   464.167     1.131        15
         6
       -28   461.667     4.100    10.179
        -3   436.667     4.100     5.089
    36.667   396.667     9.200     5.089
    76.667   356.667     9.200     5.089
   116.667   316.667     9.200     5.089
   161.667   271.667    14.300     5.089
         1
       -28   461.667         6     4.524

         6
         2         2         2         2         2         2
     5.655     5.655    11.310     3.927    11.310     3.927
       263        57       278        57       263        68       278        68       245        68       263        68       245        57       263        57       203        68       221        68       203        60       221        57
         0

         3
         0   216.667   433.333
         2         7         2         7
         1         0
         8
       218         0       218        54       200        58       200        70       278        70       278        55       248        55       248         0
         0

         5
     5.089       -28        -3    40.900     4.100
     5.089       -18    36.667     5.800     9.200
     5.089    21.667    76.667     5.800     9.200
     5.089    61.667   116.667     5.800     9.200
     5.089   111.667   161.667     5.700    14.300
         1
   464.167     1.131        15
         6
       -28   461.667     4.100    10.179
        -3   436.667     4.100     5.089
    36.667   396.667     9.200     5.089
    76.667   356.667     9.200     5.089
   116.667   316.667     9.200     5.089
   161.667   271.667    14.300     5.089
         1
       -28   461.667         6     4.524
         0         0         0         0
         8
         2         2         2         2         2         2         2         2
     5.655     3.927    11.310     3.927    11.310     3.927     5.655     5.655
       367        68       393        68       367        58       391        60       337        68       367        68       337        57       367        58       295        68       313        68       295        57       313        57       280        57       295        57       280        68       295        68
         0

         3
         0   216.667   433.333
         2        12         2        12
         5        10
         0         1
        13
       310         0       310        55       280        55       280        70       380        70       390       100       390       100       400       100       400       100       396        70       394        58       340        54       340         0
         0

         5
     5.089       -28        -3    40.900     4.100
     5.089       -18    36.667     5.800     9.200
     5.089    21.667    76.667     5.800     9.200
     5.089    61.667   116.667     5.800     9.200
     5.089   111.667   161.667     5.700    14.300
         1
   464.167     1.131        15
         6
       -28   461.667     4.100    10.179
        -3   436.667     4.100     5.089
    36.667   396.667     9.200     5.089
    76.667   356.667     9.200     5.089
   116.667   316.667     9.200     5.089
   161.667   271.667    14.300     5.089
         1
       -28   461.667         6     4.524
         1
4
18
 -12.8 -4.3 4.3 12.8 
2
18
 -10.0 10.0 
2
18
 -13.0 13.0 
2
18
 -10.0 10.0 
2
18
 -5.0 5.0 
2
18
 -4.0 4.0 
4
12
 -12.8 -4.3 4.3 12.8 
5
12
5
10
10
12
5
10
10
12
5
10
5
12
5
12
4
18
 -12.8 -4.3 4.3 12.8 
2
18
 -10.0 10.0 
2
18
 -13.0 13.0 
2
18
 -10.0 10.0 
2
18
 -5.0 5.0 
2
18
 -4.0 4.0 
4
12
 -12.8 -4.3 4.3 12.8 
5
12
5
10
10
12
5
10
10
12
5
10
4
18
 -12.8 -4.3 4.3 12.8 
2
18
 -10.0 10.0 
2
18
 -13.0 13.0 
2
18
 -10.0 10.0 
2
18
 -5.0 5.0 
2
18
 -4.0 4.0 
4
12
 -12.8 -4.3 4.3 12.8 
5
12
5
10
10
12
5
10
10
12
5
10
4
18
 -12.8 -4.3 4.3 12.8 
2
18
 -10.0 10.0 
2
18
 -13.0 13.0 
2
18
 -10.0 10.0 
2
18
 -5.0 5.0 
2
18
 -4.0 4.0 
4
12
 -12.8 -4.3 4.3 12.8 
5
12
5
10
10
12
5
10
10
12
5
10
5
12
5
12
