3
Типовой проект инв N2076  1946 г.
L0=6.40    HB=50 см.
n4_0640.32
  1.000
 30.000
  0.000
  0.000
  0.000
  0.000
  0.000
672.000
 16.000
656.000
736.000
  4.000
 50.000
150.000
250.000
350.000
  0.000
  0.000
200.000
200.000
  1.000
  6.000
 15.000
 75.000
 10.000
110.000
 40.000
125.000
360.000
125.000
390.000
110.000
385.000
 75.000
  0.000
  0.000
  0.000
  0.000
  2.000
  2.000
  2.000
  3.950
  3.950
  3.000
 62.500
100.000
 62.500
  3.000
 72.500
100.000
 72.500
  0.000
  3.000
  0.000
336.000
672.000
 11.000
  8.000
 11.000
  8.000
  2.000
  5.000
  1.000
  0.000
 11.000
  0.000
 60.000
  0.000
 75.000
  0.000
110.000
 10.000
110.000
 15.000
 75.000
100.000
 75.000
100.000
 60.000
 65.000
 60.000
 65.000
  0.000
 35.000
  0.000
 35.000
 60.000
  0.000
  6.000
 10.620
-30.000
 46.000
  4.300
  4.300
 15.930
 40.000
 96.000
  4.300
  9.900
 10.620
 90.000
146.000
  4.300
  9.900
  7.600
146.000
196.000
  4.300
 15.500
  3.800
196.000
246.000
  4.300
 15.500
  3.800
246.000
296.000
  4.300
 15.500
  1.000
720.000
  2.000
 20.000
  7.000
-30.000
702.000
  4.300
 15.930
 46.000
626.000
  4.300
 10.620
 96.000
576.000
  9.900
 15.930
146.000
526.000
  9.900
 10.620
196.000
476.000
 15.500
  7.600
246.000
426.000
 15.500
  3.800
296.000
376.000
 15.500
  3.800
  1.000
-30.000
702.000
  4.300
  2.370
  2.000
  2.000
  2.000
  3.950
  3.950
100.000
 62.500
197.000
 62.500
100.000
 72.500
197.000
 72.500
  0.000
  3.000
  0.000
336.000
672.000
  2.000
  7.000
  2.000
  7.000
  0.000
  1.000
  8.000
135.000
  0.000
135.000
 60.000
100.000
 60.000
100.000
 75.000
200.000
 75.000
200.000
 60.000
165.000
 60.000
165.000
  0.000
  0.000
  6.000
 10.620
-30.000
 46.000
  4.300
  4.300
 15.930
 40.000
 96.000
  4.300
  9.900
 10.620
 90.000
146.000
  4.300
  9.900
  7.600
146.000
196.000
  4.300
 15.500
  3.800
196.000
246.000
  4.300
 15.500
  3.800
246.000
296.000
  4.300
 15.500
  1.000
720.000
  2.000
 20.000
  7.000
-30.000
702.000
  4.300
 15.930
 46.000
626.000
  4.300
 10.620
 96.000
576.000
  9.900
 15.930
146.000
526.000
  9.900
 10.620
196.000
476.000
 15.500
  7.600
246.000
426.000
 15.500
  3.800
296.000
376.000
 15.500
  3.800
  1.000
-30.000
702.000
  4.300
  2.370
  2.000
  2.000
  2.000
  3.950
  3.950
203.000
 62.500
300.000
 62.500
203.000
 72.500
300.000
 72.500
  0.000
  3.000
  0.000
336.000
672.000
  2.000
  7.000
  2.000
  7.000
  1.000
  0.000
  8.000
235.000
  0.000
235.000
 60.000
200.000
 60.000
200.000
 75.000
300.000
 75.000
300.000
 60.000
265.000
 60.000
265.000
  0.000
  0.000
  6.000
 10.620
-30.000
 46.000
  4.300
  4.300
 15.930
 40.000
 96.000
  4.300
  9.900
 10.620
 90.000
146.000
  4.300
  9.900
  7.600
146.000
196.000
  4.300
 15.500
  3.800
196.000
246.000
  4.300
 15.500
  3.800
246.000
296.000
  4.300
 15.500
  1.000
720.000
  2.000
 20.000
  7.000
-30.000
702.000
  4.300
 15.930
 46.000
626.000
  4.300
 10.620
 96.000
576.000
  9.900
 15.930
146.000
526.000
  9.900
 10.620
196.000
476.000
 15.500
  7.600
246.000
426.000
 15.500
  3.800
296.000
376.000
 15.500
  3.800
  1.000
-30.000
702.000
  4.300
  2.370
  0.000
  0.000
  0.000
  0.000
  2.000
  2.000
  2.000
  3.950
  3.950
300.000
 62.500
397.000
 62.500
300.000
 72.500
397.000
 72.500
  0.000
  3.000
  0.000
336.000
672.000
  2.000
 10.000
  2.000
 10.000
  5.000
  8.000
  0.000
  1.000
 11.000
335.000
  0.000
335.000
 60.000
300.000
 60.000
300.000
 75.000
385.000
 75.000
390.000
110.000
400.000
110.000
400.000
 75.000
400.000
 60.000
365.000
 60.000
365.000
  0.000
  0.000
  6.000
 10.620
-30.000
 46.000
  4.300
  4.300
 15.930
 40.000
 96.000
  4.300
  9.900
 10.620
 90.000
146.000
  4.300
  9.900
  7.600
146.000
196.000
  4.300
 15.500
  3.800
196.000
246.000
  4.300
 15.500
  3.800
246.000
296.000
  4.300
 15.500
  1.000
720.000
  2.000
 20.000
  7.000
-30.000
702.000
  4.300
 15.930
 46.000
626.000
  4.300
 10.620
 96.000
576.000
  9.900
 15.930
146.000
526.000
  9.900
 10.620
196.000
476.000
 15.500
  7.600
246.000
426.000
 15.500
  3.800
296.000
376.000
 15.500
  3.800
  1.000
-30.000
702.000
  4.300
  2.370
  1.000
3
26
 -13.0 0.0 13.0 
2
26
 -6.5 6.5 
3
26
 -13.0 0.0 13.0 
2
26
 -6.5 6.5 
2
22
 -13.0 13.0 
1
22
 6.5 
1
22
 -6.5 
3
10
 -13.0 0.0 13.0 
5
10
5
10
3
26
 -13.0 0.0 13.0 
2
26
 -6.5 6.5 
3
26
 -13.0 0.0 13.0 
2
26
 -6.5 6.5 
2
22
 -13.0 13.0 
1
22
 6.5 
1
22
 -6.5 
3
10
 -13.0 0.0 13.0 
5
10
5
10
3
26
 -13.0 0.0 13.0 
2
26
 -6.5 6.5 
3
26
 -13.0 0.0 13.0 
2
26
 -6.5 6.5 
2
22
 -13.0 13.0 
1
22
 6.5 
1
22
 -6.5 
3
10
 -13.0 0.0 13.0 
5
10
5
10
3
26
 -13.0 0.0 13.0 
2
26
 -6.5 6.5 
3
26
 -13.0 0.0 13.0 
2
26
 -6.5 6.5 
2
22
 -13.0 13.0 
1
22
 6.5 
1
22
 -6.5 
3
10
 -13.0 0.0 13.0 
5
10
5
10
