         2
n4_0640.40
*

         1
        20
         1         1         1         1
         0   683.333    21.667   661.667
       770
         4
        75       167       233       325
         0
         0
       200       200
         1
        10
        20       110
        10       140
        10       140
        10       140
        35       160
       365       160
       390       140
       390       140
       390       140
       380       110

         0         0         0         0
         8
         2         2         2         2         2         2         2         2
     5.655     3.927    11.310     3.927    11.310     3.927     5.655     5.655
         7       108        33       108         9       100        33        98        33       108        63       108        33        98        63        97        87       108       105       108        87        97       105        97       105        97       120        97       105       108       120       108
         0

         3
         0   341.667   683.333
         2        12         2        12
         4         9
         1         0
        13
        60         0        60        94         6        98         4       110         0       140         0       140        10       140        10       140        20       110       120       110       120        95        90        95        90         0
         0

         6
     5.089       -38    14.667        53         4
     5.089       -35    64.667         6         4
     5.089    24.667   119.667     4.100    10.900
     5.089    79.667   174.667     4.100    10.900
     5.089   149.667   244.667     4.100    10.900
     5.089   219.667   314.667     4.100    10.900
         1
   724.167     1.131        15
         7
       -38   721.667         4    12.723
    14.667   668.667         4     5.089
    64.667   618.667         4     5.089
   119.667   563.667    10.900     5.089
   174.667   508.667    10.900     5.089
   244.667   438.667    10.900     5.089
   314.667   368.667    10.900     5.089
         1
       -38   721.667         6     4.524

         6
         2         2         2         2         2         2
     5.655     5.655    11.310     3.927    11.310     3.927
       120        97       135        97       120       108       135       108       135       108       153       108       135        97       153        97       179       108       197       108       179        97       197       100
         0

         3
         0   341.667   683.333
         2         7         2         7
         0         1
         8
       150         0       150        95       120        95       120       110       200       110       200        98       182        94       182         0
         0

         6
     5.089       -38    14.667        53         4
     5.089       -35    64.667         6         4
     5.089    24.667   119.667     4.100    10.900
     5.089    79.667   174.667     4.100    10.900
     5.089   149.667   244.667     4.100    10.900
     5.089   219.667   314.667     4.100    10.900
         1
   724.167     1.131        15
         7
       -38   721.667         4    12.723
    14.667   668.667         4     5.089
    64.667   618.667         4     5.089
   119.667   563.667    10.900     5.089
   174.667   508.667    10.900     5.089
   244.667   438.667    10.900     5.089
   314.667   368.667    10.900     5.089
         1
       -38   721.667         6     4.524

         6
         2         2         2         2         2         2
     5.655     5.655    11.310     3.927    11.310     3.927
       263        97       278        97       263       108       278       108       245       108       263       108       245        97       263        97       203       108       221       108       203       100       221        97
         0

         3
         0   341.667   683.333
         2         7         2         7
         1         0
         8
       218         0       218        94       200        98       200       110       278       110       278        95       248        95       248         0
         0

         6
     5.089       -38    14.667        53         4
     5.089       -35    64.667         6         4
     5.089    24.667   119.667     4.100    10.900
     5.089    79.667   174.667     4.100    10.900
     5.089   149.667   244.667     4.100    10.900
     5.089   219.667   314.667     4.100    10.900
         1
   724.167     1.131        15
         7
       -38   721.667         4    12.723
    14.667   668.667         4     5.089
    64.667   618.667         4     5.089
   119.667   563.667    10.900     5.089
   174.667   508.667    10.900     5.089
   244.667   438.667    10.900     5.089
   314.667   368.667    10.900     5.089
         1
       -38   721.667         6     4.524
         0         0         0         0
         8
         2         2         2         2         2         2         2         2
     5.655     3.927    11.310     3.927    11.310     3.927     5.655     5.655
       367       108       393       108       367        98       391       100       337       108       367       108       337        97       367        98       295       108       313       108       295        97       313        97       280        97       295        97       280       108       295       108
         0

         3
         0   341.667   683.333
         2        12         2        12
         5        10
         0         1
        13
       310         0       310        95       280        95       280       110       380       110       390       140       390       140       400       140       400       140       396       110       394        98       340        94       340         0
         0

         6
     5.089       -38    14.667        53         4
     5.089       -35    64.667         6         4
     5.089    24.667   119.667     4.100    10.900
     5.089    79.667   174.667     4.100    10.900
     5.089   149.667   244.667     4.100    10.900
     5.089   219.667   314.667     4.100    10.900
         1
   724.167     1.131        15
         7
       -38   721.667         4    12.723
    14.667   668.667         4     5.089
    64.667   618.667         4     5.089
   119.667   563.667    10.900     5.089
   174.667   508.667    10.900     5.089
   244.667   438.667    10.900     5.089
   314.667   368.667    10.900     5.089
         1
       -38   721.667         6     4.524
         1
5
18
 -13.0 -6.5 0.0 6.5 13.0 
2
18
 -10.0 10.0 
2
18
 -5.0 5.0 
2
18
 -13.0 13.0 
2
18
 -10.0 10.0 
2
18
 -7.5 7.5 
2
18
 -5.0 5.0 
4
12
 -13.0 -4.3 4.3 13.0 
5
12
5
10
10
12
5
10
10
12
5
10
5
12
5
12
5
18
 -13.0 -6.5 0.0 6.5 13.0 
2
18
 -10.0 10.0 
2
18
 -5.0 5.0 
2
18
 -13.0 13.0 
2
18
 -10.0 10.0 
2
18
 -7.5 7.5 
2
18
 -5.0 5.0 
4
12
 -13.0 -4.3 4.3 13.0 
5
12
5
10
10
12
5
10
10
12
5
10
5
18
 -13.0 -6.5 0.0 6.5 13.0 
2
18
 -10.0 10.0 
2
18
 -5.0 5.0 
2
18
 -13.0 13.0 
2
18
 -10.0 10.0 
2
18
 -7.5 7.5 
2
18
 -5.0 5.0 
4
12
 -13.0 -4.3 4.3 13.0 
5
12
5
10
10
12
5
10
10
12
5
10
5
18
 -13.0 -6.5 0.0 6.5 13.0 
2
18
 -10.0 10.0 
2
18
 -5.0 5.0 
2
18
 -13.0 13.0 
2
18
 -10.0 10.0 
2
18
 -7.5 7.5 
2
18
 -5.0 5.0 
4
12
 -13.0 -4.3 4.3 13.0 
5
12
5
10
10
12
5
10
10
12
5
10
5
12
5
12
