         2
n4_0500.40
*

         1
        20
         1         1         1         1
         0   533.333    16.667   516.667
       600
         4
        75       167       233       325
         0
         0
       200       200
         1
        10
        20        90
        10       120
        10       120
        10       120
        35       140
       365       140
       390       120
       390       120
       390       120
       380        90

         0         0         0         0
         8
         2         2         2         2         2         2         2         2
     5.655     3.927    11.310     3.927    11.310     3.927     5.655     5.655
         7        88        33        88         9        80        33        78        33        88        63        88        33        78        63        77        87        88       105        88        87        77       105        77       105        77       120        77       105        88       120        88
         0

         3
         0   266.667   533.333
         2        12         2        12
         4         9
         1         0
        13
        60         0        60        74         6        78         4        90         0       120         0       120        10       120        10       120        20        90       120        90       120        75        90        75        90         0
         0

         5
     6.283       -28    16.667    40.800     4.200
     6.283       -23    56.667     5.800     4.200
     6.283    34.667   109.667     5.500     9.500
     3.142    94.667   169.667     5.500     9.500
     3.142   154.667   229.667     5.500     9.500
         1
   559.167     1.131        15
         6
       -28   561.667     4.200     6.283
    16.667   516.667     4.200     6.283
    56.667   476.667     4.200     6.283
   109.667   423.667     9.500     6.283
   169.667   363.667     9.500     3.142
   229.667   303.667     9.500     3.142
         1
       -28   561.667         6     4.524

         6
         2         2         2         2         2         2
     5.655     5.655    11.310     3.927    11.310     3.927
       120        77       135        77       120        88       135        88       135        88       153        88       135        77       153        77       179        88       197        88       179        77       197        80
         0

         3
         0   266.667   533.333
         2         7         2         7
         0         1
         8
       150         0       150        75       120        75       120        90       200        90       200        78       182        74       182         0
         0

         5
     6.283       -28    16.667    40.800     4.200
     6.283       -23    56.667     5.800     4.200
     6.283    34.667   109.667     5.500     9.500
     3.142    94.667   169.667     5.500     9.500
     3.142   154.667   229.667     5.500     9.500
         1
   559.167     1.131        15
         6
       -28   561.667     4.200     6.283
    16.667   516.667     4.200     6.283
    56.667   476.667     4.200     6.283
   109.667   423.667     9.500     6.283
   169.667   363.667     9.500     3.142
   229.667   303.667     9.500     3.142
         1
       -28   561.667         6     4.524

         6
         2         2         2         2         2         2
     5.655     5.655    11.310     3.927    11.310     3.927
       263        77       278        77       263        88       278        88       245        88       263        88       245        77       263        77       203        88       221        88       203        80       221        77
         0

         3
         0   266.667   533.333
         2         7         2         7
         1         0
         8
       218         0       218        74       200        78       200        90       278        90       278        75       248        75       248         0
         0

         5
     6.283       -28    16.667    40.800     4.200
     6.283       -23    56.667     5.800     4.200
     6.283    34.667   109.667     5.500     9.500
     3.142    94.667   169.667     5.500     9.500
     3.142   154.667   229.667     5.500     9.500
         1
   559.167     1.131        15
         6
       -28   561.667     4.200     6.283
    16.667   516.667     4.200     6.283
    56.667   476.667     4.200     6.283
   109.667   423.667     9.500     6.283
   169.667   363.667     9.500     3.142
   229.667   303.667     9.500     3.142
         1
       -28   561.667         6     4.524
         0         0         0         0
         8
         2         2         2         2         2         2         2         2
     5.655     3.927    11.310     3.927    11.310     3.927     5.655     5.655
       367        88       393        88       367        78       391        80       337        88       367        88       337        77       367        78       295        88       313        88       295        77       313        77       280        77       295        77       280        88       295        88
         0

         3
         0   266.667   533.333
         2        12         2        12
         5        10
         0         1
        13
       310         0       310        75       280        75       280        90       380        90       390       120       390       120       400       120       400       120       396        90       394        78       340        74       340         0
         0

         5
     6.283       -28    16.667    40.800     4.200
     6.283       -23    56.667     5.800     4.200
     6.283    34.667   109.667     5.500     9.500
     3.142    94.667   169.667     5.500     9.500
     3.142   154.667   229.667     5.500     9.500
         1
   559.167     1.131        15
         6
       -28   561.667     4.200     6.283
    16.667   516.667     4.200     6.283
    56.667   476.667     4.200     6.283
   109.667   423.667     9.500     6.283
   169.667   363.667     9.500     3.142
   229.667   303.667     9.500     3.142
         1
       -28   561.667         6     4.524
         1
2
20
 -13.0 13.0 
2
20
 -10.0 10.0 
2
20
 -5.0 5.0 
2
20
 -13.0 13.0 
1
20
 -10.0 
1
20
 10.0 
4
12
 -13.0 -4.3 4.3 13.0 
5
12
5
10
10
12
5
10
10
12
5
10
5
12
5
12
2
20
 -13.0 13.0 
2
20
 -10.0 10.0 
2
20
 -5.0 5.0 
2
20
 -13.0 13.0 
1
20
 -10.0 
1
20
 10.0 
4
12
 -13.0 -4.3 4.3 13.0 
5
12
5
10
10
12
5
10
10
12
5
10
2
20
 -13.0 13.0 
2
20
 -10.0 10.0 
2
20
 -5.0 5.0 
2
20
 -13.0 13.0 
1
20
 -10.0 
1
20
 10.0 
4
12
 -13.0 -4.3 4.3 13.0 
5
12
5
10
10
12
5
10
10
12
5
10
2
20
 -13.0 13.0 
2
20
 -10.0 10.0 
2
20
 -5.0 5.0 
2
20
 -13.0 13.0 
1
20
 -10.0 
1
20
 10.0 
4
12
 -13.0 -4.3 4.3 13.0 
5
12
5
10
10
12
5
10
10
12
5
10
5
12
5
12
