3
Типовой проект инв N2272 1947 г.
L0=4.00    HB=50 см.
n4_0400.38
  1.000
 20.000
  0.000
  0.000
  0.000
  0.000
  0.000
434.000
 17.000
417.000
500.000
  4.000
 75.000
165.000
235.000
325.000
  0.000
  0.000
200.000
200.000
  1.000
  6.000
 20.000
 70.000
 10.000
100.000
 40.000
120.000
360.000
120.000
390.000
100.000
380.000
 70.000
  0.000
  0.000
  0.000
  0.000
  4.000
  2.000
  5.000
  5.000
  3.000
  5.650
  2.260
  3.390
  5.650
  7.600
 67.400
120.000
 67.400
 32.200
 58.600
 41.000
 67.400
 91.000
 67.400
100.800
 57.600
120.000
 57.600
 49.200
 57.600
 59.000
 67.400
 91.000
 67.400
100.800
 57.600
120.000
 57.600
  8.600
 60.200
 47.000
 57.600
120.000
 57.600
  0.000
  3.000
  0.000
217.000
434.000
  2.000
 10.000
  2.000
 10.000
  4.000
  7.000
  1.000
  0.000
 11.000
 60.000
  0.000
 60.000
 54.000
  6.000
 58.000
  4.000
 70.000
  0.000
100.000
 10.000
100.000
 20.000
 70.000
120.000
 70.000
120.000
 55.000
 90.000
 55.000
 90.000
  0.000
  0.000
  5.000
  6.280
-15.000
 42.000
  4.000
  9.000
  6.280
 18.000
 75.000
  4.000
  9.000
  6.280
 55.000
112.000
  4.000
  9.000
  6.280
100.000
152.000
  4.000
 14.000
  6.280
138.000
190.000
  4.000
 14.000
  1.000
495.000
  2.000
 15.000
  6.000
-30.000
464.000
  4.000
 18.840
 42.000
392.000
  9.000
  6.280
 75.000
359.000
  9.000
  6.280
112.000
322.000
  9.000
  6.280
152.000
282.000
 14.000
  6.280
190.000
244.000
 14.000
  6.280
  1.000
-30.000
464.000
  4.000
  8.040
  4.000
  2.000
  5.000
  5.000
  3.000
  5.650
  2.260
  3.390
  5.650
120.000
 67.400
196.000
 67.400
120.000
 57.600
139.200
 57.600
149.000
 67.400
181.000
 67.400
189.800
 58.800
120.000
 57.600
139.200
 57.600
149.000
 67.400
181.000
 67.400
189.800
 58.800
120.000
 57.600
184.000
 57.600
196.000
 60.000
  0.000
  3.000
  0.000
217.000
434.000
  2.000
  7.000
  2.000
  7.000
  0.000
  1.000
  8.000
150.000
  0.000
150.000
 55.000
120.000
 55.000
120.000
 70.000
200.000
 70.000
200.000
 58.000
180.000
 54.000
180.000
  0.000
  0.000
  5.000
  6.280
-15.000
 42.000
  4.000
  9.000
  6.280
 18.000
 75.000
  4.000
  9.000
  6.280
 55.000
112.000
  4.000
  9.000
  6.280
100.000
152.000
  4.000
 14.000
  6.280
138.000
190.000
  4.000
 14.000
  1.000
495.000
  2.000
 15.000
  6.000
-30.000
464.000
  4.000
 18.840
 42.000
392.000
  9.000
  6.280
 75.000
359.000
  9.000
  6.280
112.000
322.000
  9.000
  6.280
152.000
282.000
 14.000
  6.280
190.000
244.000
 14.000
  6.280
  1.000
-30.000
464.000
  4.000
  8.040
  4.000
  2.000
  5.000
  5.000
  3.000
  5.650
  2.260
  3.390
  5.650
204.000
 67.400
280.000
 67.400
210.000
 58.800
219.000
 67.400
251.000
 67.400
261.200
 57.600
280.000
 57.600
210.200
 58.800
219.000
 67.400
251.000
 67.400
261.200
 57.600
280.000
 57.600
204.000
 60.000
216.000
 57.600
280.000
 57.600
  0.000
  3.000
  0.000
217.000
434.000
  2.000
  7.000
  2.000
  7.000
  1.000
  0.000
  8.000
220.000
  0.000
220.000
 54.000
200.000
 58.000
200.000
 70.000
280.000
 70.000
280.000
 55.000
250.000
 55.000
250.000
  0.000
  0.000
  5.000
  6.280
-15.000
 42.000
  4.000
  9.000
  6.280
 18.000
 75.000
  4.000
  9.000
  6.280
 55.000
112.000
  4.000
  9.000
  6.280
100.000
152.000
  4.000
 14.000
  6.280
138.000
190.000
  4.000
 14.000
  1.000
495.000
  2.000
 15.000
  6.000
-30.000
464.000
  4.000
 18.840
 42.000
392.000
  9.000
  6.280
 75.000
359.000
  9.000
  6.280
112.000
322.000
  9.000
  6.280
152.000
282.000
 14.000
  6.280
190.000
244.000
 14.000
  6.280
  1.000
-30.000
464.000
  4.000
  8.040
  0.000
  0.000
  0.000
  0.000
  4.000
  2.000
  5.000
  5.000
  3.000
  5.650
  2.260
  3.390
  5.650
280.000
 67.400
392.400
 67.400
280.000
 57.600
299.200
 57.600
309.000
 67.400
359.000
 67.400
367.800
 58.600
280.000
 57.600
299.200
 57.600
309.000
 67.400
341.000
 67.400
350.800
 57.600
280.000
 57.600
353.000
 57.600
391.400
 60.200
  0.000
  3.000
  0.000
217.000
434.000
  2.000
 10.000
  2.000
 10.000
  5.000
  8.000
  0.000
  1.000
 11.000
310.000
  0.000
310.000
 55.000
280.000
 55.000
280.000
 70.000
380.000
 70.000
390.000
100.000
400.000
100.000
396.000
 70.000
394.000
 58.000
340.000
 54.000
340.000
  0.000
  0.000
  5.000
  6.280
-15.000
 42.000
  4.000
  9.000
  6.280
 18.000
 75.000
  4.000
  9.000
  6.280
 55.000
112.000
  4.000
  9.000
  6.280
100.000
152.000
  4.000
 14.000
  6.280
138.000
190.000
  4.000
 14.000
  1.000
495.000
  2.000
 15.000
  6.000
-30.000
464.000
  4.000
 18.840
 42.000
392.000
  9.000
  6.280
 75.000
359.000
  9.000
  6.280
112.000
322.000
  9.000
  6.280
152.000
282.000
 14.000
  6.280
190.000
244.000
 14.000
  6.280
  1.000
-30.000
464.000
  4.000
  8.040
  1.000
6
20
 -13.0 -7.8 -2.6 2.6 7.8 13.0 
2
20
 -13.0 13.0 
2
20
 -9.0 9.0 
2
20
 -5.0 5.0 
2
20
 -13.0 13.0 
2
20
 -6.5 6.5 
4
16
 -12.9 -4.3 4.3 12.9 
5
12
2
12
3
12
5
12
6
20
 -13.0 -7.8 -2.6 2.6 7.8 13.0 
2
20
 -13.0 13.0 
2
20
 -9.0 9.0 
2
20
 -5.0 5.0 
2
20
 -13.0 13.0 
2
20
 -6.5 6.5 
4
16
 -12.9 -4.3 4.3 12.9 
5
12
2
12
3
12
5
12
6
20
 -13.0 -7.8 -2.6 2.6 7.8 13.0 
2
20
 -13.0 13.0 
2
20
 -9.0 9.0 
2
20
 -5.0 5.0 
2
20
 -13.0 13.0 
2
20
 -6.5 6.5 
4
16
 -12.9 -4.3 4.3 12.9 
5
12
2
12
3
12
5
12
6
20
 -13.0 -7.8 -2.6 2.6 7.8 13.0 
2
20
 -13.0 13.0 
2
20
 -9.0 9.0 
2
20
 -5.0 5.0 
2
20
 -13.0 13.0 
2
20
 -6.5 6.5 
4
16
 -12.9 -4.3 4.3 12.9 
5
12
2
12
3
12
5
12
