         2
n4_0800.61
*

         1
        40
         1         1         1         1
         0   843.333    21.667   821.667
       930
         4
        51       199       303       451
         0
         0
       251       251
         1
        10
        14        80
        10       110
        10       110
        10       110
        35       130
       467       130
       492       110
       492       110
       492       110
       488        80

         0         0         0         0
         8
         2         2         2         2         2         2         2         2
    13.572     2.513    13.572     2.513    13.572     2.513    12.441     4.524
         3        78         0        78         3        70         0        70         0        78        33        78         0        70        33        65        69        78    98.500        78        69        70    98.500        70    98.500        70       125        70    98.500        78       125        78
         0

         3
         0   421.667   843.333
         2        12         3        12
         5         9
         1         0
        13
        30         0        30        65         0        68         0        68         0        80         0       110        10       110        10       110        14        80       125        80       125        68        72        68        72         0
         0

         9
    12.315       -38        -3    37.500     7.500
    12.315       -28    36.667     7.500     7.500
    12.315    11.667    76.667     7.500     7.500
    12.315    56.667   116.667     6.100    13.900
    12.315   106.667   166.667     6.100    13.900
    12.315   156.667   216.667     6.100    13.900
    12.315   216.667   271.667     8.300    16.700
    12.315   271.667   326.667     8.300    16.700
    12.315   326.667   381.667     8.300    16.700
         1
   881.667     2.011        20
        10
       -38   881.667     4.700    36.945
        -3   846.667     7.500    12.315
    36.667   806.667     7.500    12.315
    76.667   766.667     7.500    12.315
   116.667   726.667    13.900    12.315
   166.667   676.667    13.900    12.315
   216.667   626.667    13.900    12.315
   271.667   571.667    16.700    12.315
   326.667   516.667    16.700    12.315
   381.667   461.667    16.700    12.315
         1
       -38   881.667         6     4.524

         8
         2         2         2         2         2         2         2         2
    12.441     4.524    13.572     2.513    13.572     2.513    12.441     4.524
       125        70   151.500        70       125        78   151.500        78   151.500        78       181        78   151.500        70       181        70       217        78   235.500        78       217        70   235.500        70   235.500        70       251        70   235.500        78       251        78
         0

         3
         0   421.667   843.333
         2         7         2         7
         0         0
         8
       178         0       178        68       125        68       125        80       251        80       251        68       220        68       220         0
         0

         9
    12.315       -38        -3    37.500     7.500
    12.315       -28    36.667     7.500     7.500
    12.315    11.667    76.667     7.500     7.500
    12.315    56.667   116.667     6.100    13.900
    12.315   106.667   166.667     6.100    13.900
    12.315   156.667   216.667     6.100    13.900
    12.315   216.667   271.667     8.300    16.700
    12.315   271.667   326.667     8.300    16.700
    12.315   326.667   381.667     8.300    16.700
         1
   881.667     2.011        20
        10
       -38   881.667     4.700    36.945
        -3   846.667     7.500    12.315
    36.667   806.667     7.500    12.315
    76.667   766.667     7.500    12.315
   116.667   726.667    13.900    12.315
   166.667   676.667    13.900    12.315
   216.667   626.667    13.900    12.315
   271.667   571.667    16.700    12.315
   326.667   516.667    16.700    12.315
   381.667   461.667    16.700    12.315
         1
       -38   881.667         6     4.524

         8
         2         2         2         2         2         2         2         2
    12.441     4.524    13.572     2.513    13.572     2.513    12.441     4.524
       251        70   266.500        70       251        78   266.500        78   266.500        78       285        78   266.500        70       285        70       321        78   350.500        78       321        70   350.500        70   350.500        70       377        70   350.500        78       377        78
         0

         3
         0   421.667   843.333
         2         7         2         7
         0         0
         8
       282         0       282        68       251        68       251        80       377        80       377        68       324        68       324         0
         0

         9
    12.315       -38        -3    37.500     7.500
    12.315       -28    36.667     7.500     7.500
    12.315    11.667    76.667     7.500     7.500
    12.315    56.667   116.667     6.100    13.900
    12.315   106.667   166.667     6.100    13.900
    12.315   156.667   216.667     6.100    13.900
    12.315   216.667   271.667     8.300    16.700
    12.315   271.667   326.667     8.300    16.700
    12.315   326.667   381.667     8.300    16.700
         1
   881.667     2.011        20
        10
       -38   881.667     4.700    36.945
        -3   846.667     7.500    12.315
    36.667   806.667     7.500    12.315
    76.667   766.667     7.500    12.315
   116.667   726.667    13.900    12.315
   166.667   676.667    13.900    12.315
   216.667   626.667    13.900    12.315
   271.667   571.667    16.700    12.315
   326.667   516.667    16.700    12.315
   381.667   461.667    16.700    12.315
         1
       -38   881.667         6     4.524
         0         0         0         0
         8
         2         2         2         2         2         2         2         2
    13.572     2.513    13.572     2.513    13.572     2.513    12.441     4.524
       499        78       502        78       499        70       502        70       502        78       469        78       502        70       469        65       433        78   403.500        78       433        70   403.500        70   403.500        70       377        70   403.500        78       377        78
         0

         3
         0   421.667   843.333
         2        12         2        11
         5         9
         0         1
        13
       430         0       430        68       377        68       377        80       488        80       492       110       492       110       502       110       502        80       502        68       502        68       472        65       472         0
         0

         9
    12.315       -38        -3    37.500     7.500
    12.315       -28    36.667     7.500     7.500
    12.315    11.667    76.667     7.500     7.500
    12.315    56.667   116.667     6.100    13.900
    12.315   106.667   166.667     6.100    13.900
    12.315   156.667   216.667     6.100    13.900
    12.315   216.667   271.667     8.300    16.700
    12.315   271.667   326.667     8.300    16.700
    12.315   326.667   381.667     8.300    16.700
         1
   881.667     2.011        20
        10
       -38   881.667     4.700    36.945
        -3   846.667     7.500    12.315
    36.667   806.667     7.500    12.315
    76.667   766.667     7.500    12.315
   116.667   726.667    13.900    12.315
   166.667   676.667    13.900    12.315
   216.667   626.667    13.900    12.315
   271.667   571.667    16.700    12.315
   326.667   516.667    16.700    12.315
   381.667   461.667    16.700    12.315
         1
       -38   881.667         6     4.524
         1
6
28
 -19.0 -11.4 -3.8 3.8 11.4 19.0 
2
28
 -19.0 19.0 
2
28
 -15.0 15.0 
2
28
 -10.0 10.0 
2
28
 -19.0 19.0 
2
28
 -10.0 10.0 
2
28
 -5.0 5.0 
2
28
 -19.0 19.0 
2
28
 -10.0 10.0 
2
28
 -5.0 5.0 
4
12
 -19.0 -6.3 6.3 19.0 
12
12
5
8
12
12
5
8
12
12
5
8
11
12
4
12
6
28
 -19.0 -11.4 -3.8 3.8 11.4 19.0 
2
28
 -19.0 19.0 
2
28
 -15.0 15.0 
2
28
 -10.0 10.0 
2
28
 -19.0 19.0 
2
28
 -10.0 10.0 
2
28
 -5.0 5.0 
2
28
 -19.0 19.0 
2
28
 -10.0 10.0 
2
28
 -5.0 5.0 
4
12
 -19.0 -6.3 6.3 19.0 
12
12
5
8
12
12
5
8
12
12
5
8
11
12
4
12
6
28
 -19.0 -11.4 -3.8 3.8 11.4 19.0 
2
28
 -19.0 19.0 
2
28
 -15.0 15.0 
2
28
 -10.0 10.0 
2
28
 -19.0 19.0 
2
28
 -10.0 10.0 
2
28
 -5.0 5.0 
2
28
 -19.0 19.0 
2
28
 -10.0 10.0 
2
28
 -5.0 5.0 
4
12
 -19.0 -6.3 6.3 19.0 
12
12
5
8
12
12
5
8
12
12
5
8
11
12
4
12
6
28
 -19.0 -11.4 -3.8 3.8 11.4 19.0 
2
28
 -19.0 19.0 
2
28
 -15.0 15.0 
2
28
 -10.0 10.0 
2
28
 -19.0 19.0 
2
28
 -10.0 10.0 
2
28
 -5.0 5.0 
2
28
 -19.0 19.0 
2
28
 -10.0 10.0 
2
28
 -5.0 5.0 
4
12
 -19.0 -6.3 6.3 19.0 
12
12
5
8
12
12
5
8
12
12
5
8
11
12
4
12
