         2
n4_0427.40
*

         1
        17
         1         1         1         1
         0   461.333    17.167   444.167
       530
         4
        75       167       233       325
         0
         0
       200       200
         1
        10
        20        70
        10       130
        10       130
        10       130
        35       120
       365       120
       390       130
       390       130
       390       130
       380        70

         0         0         0         0
         8
         2         2         2         2         2         2         2         2
     5.655     3.927    11.310     3.927    11.310     3.927     5.655     5.655
         8        68        33        68         9        60        33        58        33        68        63        68        33        58        63        57        87        68       105        68        87        57       105        57       105        57       120        57       105        68       120        68
         0

         3
         0   230.667   461.333
         2        12         2        12
         4         9
         1         0
        13
        60         0        60        54         6        58         5        70         0       130         0       130        10       130        10       130        20        70       120        70       120        55        90        55        90         0
         0

         5
     6.283       -24    35.667     5.800     4.200
     6.283    10.667    65.667     5.500     9.500
     6.283    60.667   115.667     5.500     9.500
     3.142   110.667   165.667     5.500     9.500
     3.142   160.667   215.667     5.500     9.500
         1
   493.167     1.131        15
         6
       -29   490.667     4.200    12.566
    35.667   425.667     4.200     6.283
    65.667   395.667     9.500     6.283
   115.667   345.667     9.500     6.283
   165.667   295.667     9.500     3.142
   215.667   245.667     9.500     3.142
         1
       -29   490.667         6     4.524

         6
         2         2         2         2         2         2
     5.655     5.655    11.310     3.927    11.310     3.927
       120        57       135        57       120        68       135        68       135        68       153        68       135        57       153        57       179        68       197        68       179        57       197        60
         0

         3
         0   230.667   461.333
         2         7         2         7
         0         1
         8
       150         0       150        55       120        55       120        70       200        70       200        58       182        54       182         0
         0

         5
     6.283       -24    35.667     5.800     4.200
     6.283    10.667    65.667     5.500     9.500
     6.283    60.667   115.667     5.500     9.500
     3.142   110.667   165.667     5.500     9.500
     3.142   160.667   215.667     5.500     9.500
         1
   493.167     1.131        15
         6
       -29   490.667     4.200    12.566
    35.667   425.667     4.200     6.283
    65.667   395.667     9.500     6.283
   115.667   345.667     9.500     6.283
   165.667   295.667     9.500     3.142
   215.667   245.667     9.500     3.142
         1
       -29   490.667         6     4.524

         6
         2         2         2         2         2         2
     5.655     5.655    11.310     3.927    11.310     3.927
       263        57       278        57       263        68       278        68       245        68       263        68       245        57       263        57       203        68       221        68       203        60       221        57
         0

         3
         0   230.667   461.333
         2         7         2         7
         1         0
         8
       218         0       218        54       200        58       200        70       278        70       278        55       248        55       248         0
         0

         5
     6.283       -24    35.667     5.800     4.200
     6.283    10.667    65.667     5.500     9.500
     6.283    60.667   115.667     5.500     9.500
     3.142   110.667   165.667     5.500     9.500
     3.142   160.667   215.667     5.500     9.500
         1
   493.167     1.131        15
         6
       -29   490.667     4.200    12.566
    35.667   425.667     4.200     6.283
    65.667   395.667     9.500     6.283
   115.667   345.667     9.500     6.283
   165.667   295.667     9.500     3.142
   215.667   245.667     9.500     3.142
         1
       -29   490.667         6     4.524
         0         0         0         0
         8
         2         2         2         2         2         2         2         2
     5.655     3.927    11.310     3.927    11.310     3.927     5.655     5.655
       367        68       392        68       367        58       391        60       337        68       367        68       337        57       367        58       295        68       313        68       295        57       313        57       280        57       295        57       280        68       295        68
         0

         3
         0   230.667   461.333
         2        12         2        12
         5        10
         0         1
        13
       310         0       310        55       280        55       280        70       380        70       390       130       390       130       400       130       400       130       395        70       394        58       340        54       340         0
         0

         5
     6.283       -24    35.667     5.800     4.200
     6.283    10.667    65.667     5.500     9.500
     6.283    60.667   115.667     5.500     9.500
     3.142   110.667   165.667     5.500     9.500
     3.142   160.667   215.667     5.500     9.500
         1
   493.167     1.131        15
         6
       -29   490.667     4.200    12.566
    35.667   425.667     4.200     6.283
    65.667   395.667     9.500     6.283
   115.667   345.667     9.500     6.283
   165.667   295.667     9.500     3.142
   215.667   245.667     9.500     3.142
         1
       -29   490.667         6     4.524
         1
4
20
 -13.0 -4.3 4.3 13.0 
2
20
 -10.0 10.0 
2
20
 -13.0 13.0 
2
20
 -10.0 10.0 
1
20
 -5.0 
1
20
 5.0 
4
12
 -13.0 -4.3 4.3 13.0 
5
12
5
10
10
12
5
10
10
12
5
10
5
12
5
12
4
20
 -13.0 -4.3 4.3 13.0 
2
20
 -10.0 10.0 
2
20
 -13.0 13.0 
2
20
 -10.0 10.0 
1
20
 -5.0 
1
20
 5.0 
4
12
 -13.0 -4.3 4.3 13.0 
5
12
5
10
10
12
5
10
10
12
5
10
4
20
 -13.0 -4.3 4.3 13.0 
2
20
 -10.0 10.0 
2
20
 -13.0 13.0 
2
20
 -10.0 10.0 
1
20
 -5.0 
1
20
 5.0 
4
12
 -13.0 -4.3 4.3 13.0 
5
12
5
10
10
12
5
10
10
12
5
10
4
20
 -13.0 -4.3 4.3 13.0 
2
20
 -10.0 10.0 
2
20
 -13.0 13.0 
2
20
 -10.0 10.0 
1
20
 -5.0 
1
20
 5.0 
4
12
 -13.0 -4.3 4.3 13.0 
5
12
5
10
10
12
5
10
10
12
5
10
5
12
5
12
