         2
n4_0853.40
*

         1
        25
         1         1         1         1
         0       902    24.500   877.500
      1000
         4
        72       170       230       328
         0
         0
       200       200
         1
        10
        20       130
        10       160
        10       160
        10       160
        35       180
       365       180
       390       160
       390       160
       390       160
       380       130

         0         0         0         0
         8
         2         2         2         2         2         2         2         2
     5.655     3.927    11.310     3.927    11.310     3.927     5.655     5.655
         7       128        33       128         9       120        33       118        33       128        63       128        33       118        63       117        81       128       102       128        81       117       102       117       102       117       120       117       102       128       120       128
         0

         3
         0       451       902
         2        12         2        12
         4         9
         1         0
        13
        60         0        60       114         6       118         4       130         0       160         0       160        10       160        10       160        20       130       120       130       120       115        84       115        84         0
         0

         6
     5.089       -44        21    54.100    10.900
    10.179       -34        81     4.100    10.900
     7.634        26       141     4.100    10.900
     5.089        91       196     7.200    17.800
     5.089       171       276     7.200    17.800
     5.089       251       356     7.200    17.800
         1
       946     1.131        15
         7
       -44       946         4    22.902
        21       881    10.900     5.089
        81       821    10.900    10.179
       141       761    10.900     7.634
       196       706    17.800     5.089
       276       626    17.800     5.089
       356       546    17.800     5.089
         1
       -44       946         6     4.524

         6
         2         2         2         2         2         2
     5.655     5.655    11.310     3.927    11.310     3.927
       120       117       138       117       120       128       138       128       138       128       159       128       138       117       159       117       179       128       197       128       179       117       197       120
         0

         3
         0       451       902
         2         7         2         7
         0         1
         8
       156         0       156       115       120       115       120       130       200       130       200       118       182       114       182         0
         0

         6
     5.089       -44        21    54.100    10.900
    10.179       -34        81     4.100    10.900
     7.634        26       141     4.100    10.900
     5.089        91       196     7.200    17.800
     5.089       171       276     7.200    17.800
     5.089       251       356     7.200    17.800
         1
       946     1.131        15
         7
       -44       946         4    22.902
        21       881    10.900     5.089
        81       821    10.900    10.179
       141       761    10.900     7.634
       196       706    17.800     5.089
       276       626    17.800     5.089
       356       546    17.800     5.089
         1
       -44       946         6     4.524

         6
         2         2         2         2         2         2
     5.655     5.655    11.310     3.927    11.310     3.927
       260       117       278       117       260       128       278       128       239       128       260       128       239       117       260       117       203       128       221       128       203       120       221       117
         0

         3
         0       451       902
         2         7         2         7
         1         0
         8
       218         0       218       114       200       118       200       130       278       130       278       115       242       115       242         0
         0

         6
     5.089       -44        21    54.100    10.900
    10.179       -34        81     4.100    10.900
     7.634        26       141     4.100    10.900
     5.089        91       196     7.200    17.800
     5.089       171       276     7.200    17.800
     5.089       251       356     7.200    17.800
         1
       946     1.131        15
         7
       -44       946         4    22.902
        21       881    10.900     5.089
        81       821    10.900    10.179
       141       761    10.900     7.634
       196       706    17.800     5.089
       276       626    17.800     5.089
       356       546    17.800     5.089
         1
       -44       946         6     4.524
         0         0         0         0
         8
         2         2         2         2         2         2         2         2
     5.655     3.927    11.310     3.927    11.310     3.927     5.655     5.655
       367       128       393       128       367       118       391       120       337       128       367       128       337       117       367       118       298       128       319       128       298       117       319       117       280       117       298       117       280       128       298       128
         0

         3
         0       451       902
         2        12         2        12
         5        10
         0         1
        13
       316         0       316       115       280       115       280       130       380       130       390       160       390       160       400       160       400       160       396       130       394       118       340       114       340         0
         0

         6
     5.089       -44        21    54.100    10.900
    10.179       -34        81     4.100    10.900
     7.634        26       141     4.100    10.900
     5.089        91       196     7.200    17.800
     5.089       171       276     7.200    17.800
     5.089       251       356     7.200    17.800
         1
       946     1.131        15
         7
       -44       946         4    22.902
        21       881    10.900     5.089
        81       821    10.900    10.179
       141       761    10.900     7.634
       196       706    17.800     5.089
       276       626    17.800     5.089
       356       546    17.800     5.089
         1
       -44       946         6     4.524
         1
9
18
 -10.0 -7.5 -5.0 -2.5 0.0 2.5 5.0 7.5 10.0 
2
18
 -10.0 10.0 
1
36
 0.0 
3
18
 -10.0 0.0 10.0 
2
18
 -10.0 10.0 
2
18
 -7.5 7.5 
2
18
 -5.0 5.0 
4
12
 -10.0 -3.3 3.3 10.0 
5
12
5
10
10
12
5
10
10
12
5
10
5
12
5
12
9
18
 -10.0 -7.5 -5.0 -2.5 0.0 2.5 5.0 7.5 10.0 
2
18
 -10.0 10.0 
1
36
 0.0 
3
18
 -10.0 0.0 10.0 
2
18
 -10.0 10.0 
2
18
 -7.5 7.5 
2
18
 -5.0 5.0 
4
12
 -10.0 -3.3 3.3 10.0 
5
12
5
10
10
12
5
10
10
12
5
10
9
18
 -10.0 -7.5 -5.0 -2.5 0.0 2.5 5.0 7.5 10.0 
2
18
 -10.0 10.0 
1
36
 0.0 
3
18
 -10.0 0.0 10.0 
2
18
 -10.0 10.0 
2
18
 -7.5 7.5 
2
18
 -5.0 5.0 
4
12
 -10.0 -3.3 3.3 10.0 
5
12
5
10
10
12
5
10
10
12
5
10
9
18
 -10.0 -7.5 -5.0 -2.5 0.0 2.5 5.0 7.5 10.0 
2
18
 -10.0 10.0 
1
36
 0.0 
3
18
 -10.0 0.0 10.0 
2
18
 -10.0 10.0 
2
18
 -7.5 7.5 
2
18
 -5.0 5.0 
4
12
 -10.0 -3.3 3.3 10.0 
5
12
5
10
10
12
5
10
10
12
5
10
5
12
5
12
