3
Типовой проект инв. N2272  1946 г.
L0=6.40 HB=50 см.
n4_0640.38
  3.000
 20.000
  0.000
  0.000
  0.000
  0.000
  0.000
683.000
 21.000
663.000
767.000
  4.000
 72.000
168.000
232.000
328.000
  0.000
  0.000
200.000
200.000
  1.000
  6.000
 20.000
110.000
 10.000
140.000
 40.000
160.000
360.000
160.000
390.000
140.000
380.000
110.000
  0.000
  0.000
  0.000
  0.000
  4.000
  2.000
  5.000
  5.000
  3.000
  5.650
  2.260
  3.390
  5.650
  8.000
107.000
120.000
107.000
 32.000
 99.000
 41.000
107.000
 85.000
107.000
 95.000
 98.000
120.000
 98.000
 49.000
 98.000
 59.000
107.000
 85.000
107.000
 95.000
 98.000
120.000
 98.000
  9.000
100.000
 47.000
 98.000
120.000
 98.000
  0.000
  3.000
  0.000
342.000
684.000
 11.000
  8.000
 11.000
  8.000
  2.000
  5.000
  1.000
  0.000
 11.000
  6.000
 98.000
  5.000
110.000
  0.000
140.000
 10.000
140.000
 20.000
110.000
120.000
110.000
120.000
 95.000
 84.000
 95.000
 84.000
  0.000
 60.000
  0.000
 60.000
 94.000
  0.000
  6.000
  6.280
-38.000
  2.000
 66.000
  4.000
  9.420
-38.000
 32.000
 34.000
  5.700
  6.280
-28.000
 57.000
  4.000
 10.700
  6.280
 22.000
117.000
  4.000
 10.700
  6.280
 82.000
177.000
  4.000
 10.700
  6.280
192.000
287.000
  4.000
 10.700
  1.000
750.000
  1.160
 15.000
  7.000
-38.000
721.000
  4.000
 12.560
  2.000
681.000
  4.000
  6.280
 32.000
651.000
  5.700
  9.420
 57.000
626.000
 10.700
  6.280
117.000
566.000
 10.700
  6.280
177.000
506.000
 10.700
  6.280
287.000
396.000
 10.700
  6.280
  0.000
  3.000
  2.000
  5.000
  3.000
  5.650
  5.650
  5.650
120.000
107.400
196.000
107.400
120.000
 97.600
145.000
 97.600
155.000
107.400
181.000
107.400
189.800
 98.800
120.000
 97.600
184.000
 97.600
196.000
100.000
  0.000
  3.000
  0.000
322.000
644.000
  2.000
  7.000
  2.000
  7.000
  0.000
  1.000
  8.000
156.000
  0.000
156.000
 95.000
120.000
 95.000
120.000
110.000
200.000
110.000
200.000
 98.000
180.000
 94.000
180.000
  0.000
  0.000
  6.000
  6.280
-38.000
  2.000
 66.000
  4.000
  9.420
-38.000
 32.000
 34.000
  5.700
  6.280
-28.000
 57.000
  4.000
 10.700
  6.280
 22.000
117.000
  4.000
 10.700
  6.280
 82.000
177.000
  4.000
 10.700
  6.280
192.000
287.000
  4.000
 10.700
  1.000
750.000
  1.160
 15.000
  7.000
-38.000
721.000
  4.000
 12.560
  2.000
681.000
  4.000
  6.280
 32.000
651.000
  5.700
  9.420
 57.000
626.000
 10.700
  6.280
117.000
566.000
 10.700
  6.280
177.000
506.000
 10.700
  6.280
287.000
396.000
 10.700
  6.280
  0.000
  3.000
  2.000
  5.000
  3.000
  5.650
  5.650
  5.650
204.000
107.400
280.000
107.400
210.000
 98.800
219.000
107.400
245.000
107.400
255.000
 97.600
280.000
 97.600
204.000
100.000
216.000
 97.600
280.000
 97.600
  0.000
  3.000
  0.000
322.000
644.000
  2.000
  7.000
  2.000
  7.000
  1.000
  0.000
  8.000
220.000
  0.000
220.000
 94.000
200.000
 98.000
200.000
110.000
280.000
110.000
280.000
 95.000
244.000
 95.000
244.000
  0.000
  0.000
  6.000
  6.280
-38.000
  2.000
 66.000
  4.000
  9.420
-38.000
 32.000
 34.000
  5.700
  6.280
-28.000
 57.000
  4.000
 10.700
  6.280
 22.000
117.000
  4.000
 10.700
  6.280
 82.000
177.000
  4.000
 10.700
  6.280
192.000
287.000
  4.000
 10.700
  1.000
750.000
  1.160
 15.000
  7.000
-38.000
721.000
  4.000
 12.560
  2.000
681.000
  4.000
  6.280
 32.000
651.000
  5.700
  9.420
 57.000
626.000
 10.700
  6.280
117.000
566.000
 10.700
  6.280
177.000
506.000
 10.700
  6.280
287.000
396.000
 10.700
  6.280
  0.000
  0.000
  0.000
  0.000
  0.000
  4.000
  2.000
  5.000
  5.000
  3.000
  5.650
  2.260
  3.390
  5.650
280.000
107.400
392.400
107.400
280.000
 97.600
305.200
 98.000
315.000
107.400
359.000
107.400
367.800
 98.600
280.000
 97.600
305.200
 97.600
315.000
107.400
341.000
107.400
351.000
107.400
280.000
 97.600
353.000
 97.600
391.400
100.200
  0.000
  3.000
  0.000
322.000
644.000
  2.000
 10.000
  2.000
 10.000
  5.000
  8.000
  0.000
  1.000
 11.000
316.000
  0.000
316.000
 95.000
280.000
 95.000
280.000
110.000
380.000
110.000
390.000
140.000
400.000
140.000
395.000
110.000
394.000
 98.000
340.000
 94.000
340.000
  0.000
  0.000
  6.000
  6.280
-38.000
  2.000
 66.000
  4.000
  9.420
-38.000
 32.000
 34.000
  5.700
  6.280
-28.000
 57.000
  4.000
 10.700
  6.280
 22.000
117.000
  4.000
 10.700
  6.280
 82.000
177.000
  4.000
 10.700
  6.280
192.000
287.000
  4.000
 10.700
  1.000
750.000
  1.160
 15.000
  7.000
-38.000
721.000
  4.000
 12.560
  2.000
681.000
  4.000
  6.280
 32.000
651.000
  5.700
  9.420
 57.000
626.000
 10.700
  6.280
117.000
566.000
 10.700
  6.280
177.000
506.000
 10.700
  6.280
287.000
396.000
 10.700
  6.280
  0.000
  1.000
4
20
 -9.9 -3.3 3.3 9.9 
2
20
 -7.0 7.0 
3
20
 -10.0 0.0 10.0 
2
20
 -10.0 10.0 
2
20
 -7.5 7.5 
2
20
 -5.0 5.0 
2
20
 -2.5 2.5 
5
12
2
12
3
12
5
12
4
20
 -9.9 -3.3 3.3 9.9 
2
20
 -7.0 7.0 
3
20
 -10.0 0.0 10.0 
2
20
 -10.0 10.0 
2
20
 -7.5 7.5 
2
20
 -5.0 5.0 
2
20
 -2.5 2.5 
5
12
2
12
3
12
4
20
 -9.9 -3.3 3.3 9.9 
2
20
 -7.0 7.0 
3
20
 -10.0 0.0 10.0 
2
20
 -10.0 10.0 
2
20
 -7.5 7.5 
2
20
 -5.0 5.0 
2
20
 -2.5 2.5 
5
12
2
12
3
12
4
20
 -9.9 -3.3 3.3 9.9 
2
20
 -7.0 7.0 
3
20
 -10.0 0.0 10.0 
2
20
 -10.0 10.0 
2
20
 -7.5 7.5 
2
20
 -5.0 5.0 
2
20
 -2.5 2.5 
5
12
2
12
3
12
5
12
