         2
n4_1000.60
*

         1
        20
         1         1         1         1
         0      1050        25      1025
      1150
         4
        55       245       357       547
         0
         0
       301       301
         1
        10
        14        95
        10       125
        10       125
        10       125
        35       145
       567       145
       592       125
       592       125
       592       125
       588        95

         0         0         0         0
         8
         2         2         2         2         2         2         2         2
    13.572     2.513    13.572     2.513    13.572     2.513    12.441     4.524
         3        93         0        93         3        85         0        85         0        93        33        93         0        85        33        80        77        93       115        93        77        85       115        85       115        85       150        85       115        93       150        93
         0

         3
         0       525      1050
         2        12         3        12
         5         9
         1         0
        13
        30         0        30        80         0        83         0        83         0        95         0       125        10       125        10       125        14        95       150        95       150        83        80        83        80         0
         0

        15
     6.158       -45         0    36.300    13.700
    18.473       -35        40     6.300    13.700
    12.315         5        80     6.300    13.700
     6.158         4        74     8.200    16.800
    18.473        55       125     8.200    16.800
    12.315       105       175     8.200    16.800
     6.158       104       169     7.100    22.900
    12.315       145       210     7.100    22.900
    12.315       180       245     7.100    22.900
     6.158       215       280     7.100    22.900
     6.158       214       274     9.100    25.900
    12.315       285       345     9.100    25.900
    12.315       345       410     4.100    25.900
     6.158       415       475         3        32
     6.158       410       475     4.100    25.900
         1
      1095     2.011        20
        17
       -45      1095     4.600    36.945
       -45      1095     7.600    36.945
         0      1050    13.700     6.158
        40      1010    13.700    18.473
        80       970    13.700    12.315
        74       976    16.800     6.158
       125       925    16.800    18.473
       175       875    16.800    12.315
       169       881    22.900     6.158
       210       840    22.900    12.315
       245       805    22.900    12.315
       280       770    22.900     6.158
       274       776    25.900     6.158
       345       705    25.900    12.315
       410       640    25.900    12.315
       475       575        32     6.158
       475       575    25.900     6.158
         1
       -45      1095         6     4.524

         8
         2         2         2         2         2         2         2         2
    12.441     4.524    13.572     2.513    13.572     2.513    12.441     4.524
       150        85       185        85       150        93       185        93       185        93       223        93       185        85       223        85       267        93   285.500        93       267        85   285.500        85   285.500        85       301        85   285.500        93       301        93
         0

         3
         0       525      1050
         2         7         2         7
         0         0
         8
       220         0       220        83       150        83       150        95       301        95       301        83       270        83       270         0
         0

        15
     6.158       -45         0    36.300    13.700
    18.473       -35        40     6.300    13.700
    12.315         5        80     6.300    13.700
     6.158         4        74     8.200    16.800
    18.473        55       125     8.200    16.800
    12.315       105       175     8.200    16.800
     6.158       104       169     7.100    22.900
    12.315       145       210     7.100    22.900
    12.315       180       245     7.100    22.900
     6.158       215       280     7.100    22.900
     6.158       214       274     9.100    25.900
    12.315       285       345     9.100    25.900
    12.315       345       410     4.100    25.900
     6.158       415       475         3        32
     6.158       410       475     4.100    25.900
         1
      1095     2.011        20
        17
       -45      1095     4.600    36.945
       -45      1095     7.600    36.945
         0      1050    13.700     6.158
        40      1010    13.700    18.473
        80       970    13.700    12.315
        74       976    16.800     6.158
       125       925    16.800    18.473
       175       875    16.800    12.315
       169       881    22.900     6.158
       210       840    22.900    12.315
       245       805    22.900    12.315
       280       770    22.900     6.158
       274       776    25.900     6.158
       345       705    25.900    12.315
       410       640    25.900    12.315
       475       575        32     6.158
       475       575    25.900     6.158
         1
       -45      1095         6     4.524

         8
         2         2         2         2         2         2         2         2
    12.441     4.524    13.572     2.513    13.572     2.513    12.441     4.524
       301        85   316.500        85       301        93   316.500        93   316.500        93       335        93   316.500        85       335        85       379        93       417        93       379        85       417        85       417        85       452        85       417        93       452        93
         0

         3
         0       525      1050
         2         7         2         7
         0         0
         8
       332         0       332        83       301        83       301        95       452        95       452        83       382        83       382         0
         0

        15
     6.158       -45         0    36.300    13.700
    18.473       -35        40     6.300    13.700
    12.315         5        80     6.300    13.700
     6.158         4        74     8.200    16.800
    18.473        55       125     8.200    16.800
    12.315       105       175     8.200    16.800
     6.158       104       169     7.100    22.900
    12.315       145       210     7.100    22.900
    12.315       180       245     7.100    22.900
     6.158       215       280     7.100    22.900
     6.158       214       274     9.100    25.900
    12.315       285       345     9.100    25.900
    12.315       345       410     4.100    25.900
     6.158       415       475         3        32
     6.158       410       475     4.100    25.900
         1
      1095     2.011        20
        17
       -45      1095     4.600    36.945
       -45      1095     7.600    36.945
         0      1050    13.700     6.158
        40      1010    13.700    18.473
        80       970    13.700    12.315
        74       976    16.800     6.158
       125       925    16.800    18.473
       175       875    16.800    12.315
       169       881    22.900     6.158
       210       840    22.900    12.315
       245       805    22.900    12.315
       280       770    22.900     6.158
       274       776    25.900     6.158
       345       705    25.900    12.315
       410       640    25.900    12.315
       475       575        32     6.158
       475       575    25.900     6.158
         1
       -45      1095         6     4.524
         0         0         0         0
         8
         2         2         2         2         2         2         2         2
    13.572     2.513    13.572     2.513    13.572     2.513    12.441     4.524
       599        93       602        93       599        85       602        85       602        93       569        93       602        85       569        80       525        93       487        93       525        85       487        85       487        85       452        85       487        93       452        93
         0

         3
         0       525      1050
         2        12         2        11
         5         9
         0         1
        13
       522         0       522        83       452        83       452        95       588        95       592       125       592       125       602       125       602        95       602        83       602        83       572        80       572         0
         0

        15
     6.158       -45         0    36.300    13.700
    18.473       -35        40     6.300    13.700
    12.315         5        80     6.300    13.700
     6.158         4        74     8.200    16.800
    18.473        55       125     8.200    16.800
    12.315       105       175     8.200    16.800
     6.158       104       169     7.100    22.900
    12.315       145       210     7.100    22.900
    12.315       180       245     7.100    22.900
     6.158       215       280     7.100    22.900
     6.158       214       274     9.100    25.900
    12.315       285       345     9.100    25.900
    12.315       345       410     4.100    25.900
     6.158       415       475         3        32
     6.158       410       475     4.100    25.900
         1
      1095     2.011        20
        17
       -45      1095     4.600    36.945
       -45      1095     7.600    36.945
         0      1050    13.700     6.158
        40      1010    13.700    18.473
        80       970    13.700    12.315
        74       976    16.800     6.158
       125       925    16.800    18.473
       175       875    16.800    12.315
       169       881    22.900     6.158
       210       840    22.900    12.315
       245       805    22.900    12.315
       280       770    22.900     6.158
       274       776    25.900     6.158
       345       705    25.900    12.315
       410       640    25.900    12.315
       475       575        32     6.158
       475       575    25.900     6.158
         1
       -45      1095         6     4.524
         1
6
28
 -23.0 -13.8 -4.6 4.6 13.8 23.0 
6
28
 -23.0 -13.8 -4.6 4.6 13.8 23.0 
1
28
 0.0 
3
28
 -23.0 0.0 23.0 
2
28
 -10.0 10.0 
1
28
 0.0 
3
28
 -23.0 0.0 23.0 
2
28
 -10.0 10.0 
1
28
 0.0 
2
28
 -23.0 23.0 
2
28
 -10.0 10.0 
1
28
 0.0 
1
28
 0.0 
2
28
 -23.0 23.0 
2
28
 -10.0 10.0 
1
28
 0.0 
1
28
 0.0 
4
12
 -23.0 -7.7 7.7 23.0 
12
12
5
8
12
12
5
8
12
12
5
8
11
12
4
12
6
28
 -23.0 -13.8 -4.6 4.6 13.8 23.0 
6
28
 -23.0 -13.8 -4.6 4.6 13.8 23.0 
1
28
 0.0 
3
28
 -23.0 0.0 23.0 
2
28
 -10.0 10.0 
1
28
 0.0 
3
28
 -23.0 0.0 23.0 
2
28
 -10.0 10.0 
1
28
 0.0 
2
28
 -23.0 23.0 
2
28
 -10.0 10.0 
1
28
 0.0 
1
28
 0.0 
2
28
 -23.0 23.0 
2
28
 -10.0 10.0 
1
28
 0.0 
1
28
 0.0 
4
12
 -23.0 -7.7 7.7 23.0 
12
12
5
8
12
12
5
8
12
12
5
8
11
12
4
12
6
28
 -23.0 -13.8 -4.6 4.6 13.8 23.0 
6
28
 -23.0 -13.8 -4.6 4.6 13.8 23.0 
1
28
 0.0 
3
28
 -23.0 0.0 23.0 
2
28
 -10.0 10.0 
1
28
 0.0 
3
28
 -23.0 0.0 23.0 
2
28
 -10.0 10.0 
1
28
 0.0 
2
28
 -23.0 23.0 
2
28
 -10.0 10.0 
1
28
 0.0 
1
28
 0.0 
2
28
 -23.0 23.0 
2
28
 -10.0 10.0 
1
28
 0.0 
1
28
 0.0 
4
12
 -23.0 -7.7 7.7 23.0 
12
12
5
8
12
12
5
8
12
12
5
8
11
12
4
12
6
28
 -23.0 -13.8 -4.6 4.6 13.8 23.0 
6
28
 -23.0 -13.8 -4.6 4.6 13.8 23.0 
1
28
 0.0 
3
28
 -23.0 0.0 23.0 
2
28
 -10.0 10.0 
1
28
 0.0 
3
28
 -23.0 0.0 23.0 
2
28
 -10.0 10.0 
1
28
 0.0 
2
28
 -23.0 23.0 
2
28
 -10.0 10.0 
1
28
 0.0 
1
28
 0.0 
2
28
 -23.0 23.0 
2
28
 -10.0 10.0 
1
28
 0.0 
1
28
 0.0 
4
12
 -23.0 -7.7 7.7 23.0 
12
12
5
8
12
12
5
8
12
12
5
8
11
12
4
12
