4
Железобетонное пролетное строение многопутных мостов на станциях
под нагрузку Н8, Лентрансмостпроект, 1955 год Инв. 7108
Lп=11.50  Lo=10.00
*
  1.000
 40.000
  1.000
  0.000
  1.000
  0.000
  0.000
1050.000
 25.000
1025.000
1150.000
  4.000
 55.000
196.000
306.000
447.000
  0.000
  0.000
251.000
251.000
  1.000
 10.000
 14.000
 95.000
 10.000
125.000
 10.000
126.000
 10.000
126.000
 25.000
145.000
477.000
145.000
492.000
126.000
492.000
126.000
492.000
125.000
488.000
 95.000
  0.000
  0.000
  0.000
  0.000
  8.000
  2.000
  2.000
  2.000
  2.000
  2.000
  2.000
  2.000
  2.000
  4.524
  2.513
 13.572
  2.513
 13.572
  5.655
 12.441
  4.524
  3.000
 92.500
 15.000
 92.500
  3.000
 85.500
 15.000
 84.000
 15.000
 92.500
 33.000
 92.500
 15.000
 84.000
 33.000
 82.500
 77.000
 92.500
102.500
 92.500
 77.000
 82.500
102.500
 82.500
102.500
 82.500
125.000
 82.500
102.500
 92.500
125.000
 92.500
  0.000
  3.000
  0.000
525.000
1050.000
  2.000
 12.000
  2.000
 12.000
  4.000
  9.000
  1.000
  0.000
 13.000
 30.000
  0.000
 30.000
 80.000
  0.000
 83.000
  0.000
 95.000
  0.000
125.000
  0.000
126.000
 10.000
126.000
 10.000
125.000
 14.000
 95.000
125.000
 95.000
125.000
 80.000
 80.000
 80.000
 80.000
  0.000
  0.000
 11.000
 12.315
-49.000
 -5.000
 42.400
  7.600
 12.315
-44.000
 35.000
  6.200
  7.600
 12.315
 -5.000
 70.000
  6.200
 13.700
 12.315
 45.000
120.000
  6.200
 13.700
 12.315
 95.000
170.000
  6.200
 13.700
 12.315
148.000
220.000
  6.200
 16.800
 12.315
198.000
270.000
  6.200
 16.800
 12.315
248.000
320.000
  6.200
 16.800
 12.315
315.000
380.000
  6.200
 22.900
  6.158
375.000
440.000
  6.200
 22.900
  6.158
435.000
500.000
  6.200
 22.900
  1.000
1140.000
  2.011
 20.000
 13.000
-48.000
1098.000
  4.600
 36.945
-48.000
1098.000
  7.600
 12.315
 -5.000
1055.000
  7.600
 12.315
 35.000
1015.000
  7.600
 12.315
 70.000
980.000
 13.700
 12.315
120.000
930.000
 13.700
 12.315
170.000
880.000
 13.700
 12.315
220.000
830.000
 16.800
 12.315
270.000
780.000
 16.800
 12.315
320.000
730.000
 16.800
 12.315
380.000
670.000
 22.900
 12.315
440.000
610.000
 22.900
  6.158
500.000
550.000
 22.900
  6.158
  1.000
-48.000
1098.000
  6.200
  4.524
  6.000
  2.000
  2.000
  2.000
  2.000
  2.000
  2.000
 12.441
  4.524
 13.572
  5.655
 13.572
  2.513
125.000
 82.500
147.500
 82.500
125.000
 92.500
147.500
 92.500
147.500
 92.500
173.000
 92.500
147.500
 82.500
173.000
 82.500
218.000
 92.500
248.000
 92.500
218.000
 82.500
248.000
 85.500
  0.000
  3.000
  0.000
525.000
1050.000
  2.000
  7.000
  2.000
  7.000
  0.000
  1.000
  8.000
170.000
  0.000
170.000
 80.000
125.000
 80.000
125.000
 95.000
251.000
 95.000
251.000
 83.000
221.000
 80.000
221.000
  0.000
  0.000
 11.000
 12.315
-49.000
 -5.000
 42.400
  7.600
 12.315
-44.000
 35.000
  6.200
  7.600
 12.315
 -5.000
 70.000
  6.200
 13.700
 12.315
 45.000
120.000
  6.200
 13.700
 12.315
 95.000
170.000
  6.200
 13.700
 12.315
148.000
220.000
  6.200
 16.800
 12.315
198.000
270.000
  6.200
 16.800
 12.315
248.000
320.000
  6.200
 16.800
 12.315
315.000
380.000
  6.200
 22.900
  6.158
375.000
440.000
  6.200
 22.900
  6.158
435.000
500.000
  6.200
 22.900
  1.000
1140.000
  2.011
 20.000
 13.000
-48.000
1098.000
  4.600
 36.945
-48.000
1098.000
  7.600
 12.315
 -5.000
1055.000
  7.600
 12.315
 35.000
1015.000
  7.600
 12.315
 70.000
980.000
 13.700
 12.315
120.000
930.000
 13.700
 12.315
170.000
880.000
 13.700
 12.315
220.000
830.000
 16.800
 12.315
270.000
780.000
 16.800
 12.315
320.000
730.000
 16.800
 12.315
380.000
670.000
 22.900
 12.315
440.000
610.000
 22.900
  6.158
500.000
550.000
 22.900
  6.158
  1.000
-48.000
1098.000
  6.200
  4.524
  6.000
  2.000
  2.000
  2.000
  2.000
  2.000
  2.000
 12.441
  4.524
 13.572
  5.655
 13.572
  2.513
353.500
 82.500
376.000
 82.500
353.500
 92.500
376.000
 92.500
328.000
 92.500
353.500
 92.500
328.000
 82.500
353.500
 82.500
254.000
 92.500
284.000
 92.500
254.000
 85.500
284.000
 82.500
  0.000
  3.000
  0.000
525.000
1050.000
  2.000
  7.000
  2.000
  7.000
  1.000
  0.000
  8.000
281.000
  0.000
281.000
 80.000
251.000
 83.000
251.000
 95.000
376.000
 95.000
376.000
 80.000
331.000
 80.000
331.000
  0.000
  0.000
 11.000
 12.315
-49.000
 -5.000
 42.400
  7.600
 12.315
-44.000
 35.000
  6.200
  7.600
 12.315
 -5.000
 70.000
  6.200
 13.700
 12.315
 45.000
120.000
  6.200
 13.700
 12.315
 95.000
170.000
  6.200
 13.700
 12.315
148.000
220.000
  6.200
 16.800
 12.315
198.000
270.000
  6.200
 16.800
 12.315
248.000
320.000
  6.200
 16.800
 12.315
315.000
380.000
  6.200
 22.900
  6.158
375.000
440.000
  6.200
 22.900
  6.158
435.000
500.000
  6.200
 22.900
  1.000
1140.000
  2.011
 20.000
 13.000
-48.000
1098.000
  4.600
 36.945
-48.000
1098.000
  7.600
 12.315
 -5.000
1055.000
  7.600
 12.315
 35.000
1015.000
  7.600
 12.315
 70.000
980.000
 13.700
 12.315
120.000
930.000
 13.700
 12.315
170.000
880.000
 13.700
 12.315
220.000
830.000
 16.800
 12.315
270.000
780.000
 16.800
 12.315
320.000
730.000
 16.800
 12.315
380.000
670.000
 22.900
 12.315
440.000
610.000
 22.900
  6.158
500.000
550.000
 22.900
  6.158
  1.000
-48.000
1098.000
  6.200
  4.524
  0.000
  0.000
  0.000
  0.000
  8.000
  2.000
  2.000
  2.000
  2.000
  2.000
  2.000
  2.000
  2.000
  4.524
  2.513
 13.572
  2.513
 13.572
  5.655
 12.441
  4.524
487.000
 92.500
499.000
 92.500
487.000
 84.000
499.000
 85.500
469.000
 92.500
487.000
 92.500
469.000
 82.500
487.000
 84.000
399.500
 92.500
425.000
 92.500
399.500
 82.500
425.000
 82.500
377.000
 82.500
399.500
 82.500
377.000
 92.500
399.500
 92.500
  0.000
  3.000
  0.000
525.000
1050.000
  2.000
 12.000
  2.000
 12.000
  5.000
 10.000
  0.000
  1.000
 13.000
422.000
  0.000
422.000
 80.000
377.000
 80.000
377.000
 95.000
488.000
 95.000
492.000
125.000
492.000
126.000
502.000
126.000
502.000
125.000
502.000
 95.000
502.000
 83.000
472.000
 80.000
472.000
  0.000
  0.000
 11.000
 12.315
-49.000
 -5.000
 42.400
  7.600
 12.315
-44.000
 35.000
  6.200
  7.600
 12.315
 -5.000
 70.000
  6.200
 13.700
 12.315
 45.000
120.000
  6.200
 13.700
 12.315
 95.000
170.000
  6.200
 13.700
 12.315
148.000
220.000
  6.200
 16.800
 12.315
198.000
270.000
  6.200
 16.800
 12.315
248.000
320.000
  6.200
 16.800
 12.315
315.000
380.000
  6.200
 22.900
  6.158
375.000
440.000
  6.200
 22.900
  6.158
435.000
500.000
  6.200
 22.900
  1.000
1140.000
  2.011
 20.000
 13.000
-48.000
1098.000
  4.600
 36.945
-48.000
1098.000
  7.600
 12.315
 -5.000
1055.000
  7.600
 12.315
 35.000
1015.000
  7.600
 12.315
 70.000
980.000
 13.700
 12.315
120.000
930.000
 13.700
 12.315
170.000
880.000
 13.700
 12.315
220.000
830.000
 16.800
 12.315
270.000
780.000
 16.800
 12.315
320.000
730.000
 16.800
 12.315
380.000
670.000
 22.900
 12.315
440.000
610.000
 22.900
  6.158
500.000
550.000
 22.900
  6.158
  1.000
-48.000
1098.000
  6.200
  4.524
  1.000
6
28
 -22.5 -13.5 -4.5 4.5 13.5 22.5 
2
28
 -23.0 23.0 
2
28
 -15.0 15.0 
2
28
 -7.5 7.5 
2
28
 -23.0 23.0 
2
28
 -15.0 15.0 
2
28
 -7.5 7.5 
2
28
 -23.0 23.0 
2
28
 -15.0 15.0 
2
28
 -7.5 7.5 
2
28
 -23.0 23.0 
1
28
 -10.0 
1
28
 10.0 
4
12
 -22.5 -7.5 7.5 22.5 
4
12
5
8
12
12
5
8
12
12
5
12
11
12
4
12
6
28
 -22.5 -13.5 -4.5 4.5 13.5 22.5 
2
28
 -23.0 23.0 
2
28
 -15.0 15.0 
2
28
 -7.5 7.5 
2
28
 -23.0 23.0 
2
28
 -15.0 15.0 
2
28
 -7.5 7.5 
2
28
 -23.0 23.0 
2
28
 -15.0 15.0 
2
28
 -7.5 7.5 
2
28
 -23.0 23.0 
1
28
 -10.0 
1
28
 10.0 
4
12
 -22.5 -7.5 7.5 22.5 
4
12
5
8
12
12
5
8
12
12
5
12
6
28
 -22.5 -13.5 -4.5 4.5 13.5 22.5 
2
28
 -23.0 23.0 
2
28
 -15.0 15.0 
2
28
 -7.5 7.5 
2
28
 -23.0 23.0 
2
28
 -15.0 15.0 
2
28
 -7.5 7.5 
2
28
 -23.0 23.0 
2
28
 -15.0 15.0 
2
28
 -7.5 7.5 
2
28
 -23.0 23.0 
1
28
 -10.0 
1
28
 10.0 
4
12
 -22.5 -7.5 7.5 22.5 
4
12
5
8
12
12
5
8
12
12
5
12
6
28
 -22.5 -13.5 -4.5 4.5 13.5 22.5 
2
28
 -23.0 23.0 
2
28
 -15.0 15.0 
2
28
 -7.5 7.5 
2
28
 -23.0 23.0 
2
28
 -15.0 15.0 
2
28
 -7.5 7.5 
2
28
 -23.0 23.0 
2
28
 -15.0 15.0 
2
28
 -7.5 7.5 
2
28
 -23.0 23.0 
1
28
 -10.0 
1
28
 10.0 
4
12
 -22.5 -7.5 7.5 22.5 
4
12
5
8
12
12
5
8
12
12
5
12
11
12
4
12
