         2
n4_1280.41
*

         1
        25
         1         1         1         1
         0      1330        25      1305
      1430
         4
    75.500   166.500   233.500   324.500
         0
         0
       200       200
         1
        10
        20       170
        10       200
        10       200
        10       200
        35       220
       365       220
       390       200
       390       200
       390       200
       380       170

         0         0         0         0
         8
         2         2         2         2         2         2         2         2
     6.786     5.655    11.310     5.655    11.310     5.655    10.179     6.786
         7       168        33       168         9       160        33       157        33       168        63       168        33       157        63       157        88       168   105.500       168        88       157   105.500       157   105.500       157       120       157   105.500       168       120       168
         0

         3
         0       665      1330
         2        12         2        12
         4         9
         1         0
        13
        60         0        60       152         6       158         4       170         0       200         0       200        10       200        10       200        20       170       120       170       120       155        91       155        91         0
         0

         9
    10.179       -45         5   109.100    10.900
     5.089       -45        55    59.100    10.900
    10.179       -45       105     9.100    10.900
    10.179        20       165     7.200    17.800
     5.089       115       265     9.100    10.900
     5.089   113.500   258.500     7.200    17.800
    10.179       220       365     7.200    17.800
     5.089       335       480     7.200    17.800
     5.089       455       595     5.300    24.700
         1
  1377.500     1.005        15
        10
       -45      1375         4    30.536
         5      1325    10.900    10.179
        55      1275    10.900     5.089
       105      1225    10.900    10.179
       165      1165    17.800    10.179
       265      1065    10.900     5.089
   258.500  1071.500    17.800     5.089
       365       965    17.800    10.179
       480       850    17.800     5.089
       595       735    24.700     5.089
         1
       -45      1375         6     2.262

         6
         2         2         2         2         2         2
    10.179     6.786    11.310     5.655    11.310     5.655
       120       157   134.500       157       120       168   134.500       168   134.500       168       152       168   134.500       157       152       157       179       168       197       168       179       157       197       160
         0

         3
         0       665      1330
         2         7         2         7
         0         1
         8
       149         0       149       155       120       155       120       170       200       170       200       158       182       152       182         0
         0

         9
    10.179       -45         5   109.100    10.900
     5.089       -45        55    59.100    10.900
    10.179       -45       105     9.100    10.900
    10.179        20       165     7.200    17.800
     5.089       115       265     9.100    10.900
     5.089   113.500   258.500     7.200    17.800
    10.179       220       365     7.200    17.800
     5.089       335       480     7.200    17.800
     5.089       455       595     5.300    24.700
         1
  1377.500     1.005        15
        10
       -45      1375         4    30.536
         5      1325    10.900    10.179
        55      1275    10.900     5.089
       105      1225    10.900    10.179
       165      1165    17.800    10.179
       265      1065    10.900     5.089
   258.500  1071.500    17.800     5.089
       365       965    17.800    10.179
       480       850    17.800     5.089
       595       735    24.700     5.089
         1
       -45      1375         6     2.262

         6
         2         2         2         2         2         2
    10.179     6.786    11.310     5.655    11.310     5.655
   263.500       157       278       157   263.500       168       278       168       246       168   263.500       168       246       157   263.500       157       203       168       221       168       203       160       221       157
         0

         3
         0       665      1330
         2         7         2         7
         1         0
         8
       218         0       218       152       200       158       200       170       278       170       278       155       249       155       249         0
         0

         9
    10.179       -45         5   109.100    10.900
     5.089       -45        55    59.100    10.900
    10.179       -45       105     9.100    10.900
    10.179        20       165     7.200    17.800
     5.089       115       265     9.100    10.900
     5.089   113.500   258.500     7.200    17.800
    10.179       220       365     7.200    17.800
     5.089       335       480     7.200    17.800
     5.089       455       595     5.300    24.700
         1
  1377.500     1.005        15
        10
       -45      1375         4    30.536
         5      1325    10.900    10.179
        55      1275    10.900     5.089
       105      1225    10.900    10.179
       165      1165    17.800    10.179
       265      1065    10.900     5.089
   258.500  1071.500    17.800     5.089
       365       965    17.800    10.179
       480       850    17.800     5.089
       595       735    24.700     5.089
         1
       -45      1375         6     2.262
         0         0         0         0
         8
         2         2         2         2         2         2         2         2
     6.786     5.655    11.310     5.655    11.310     5.655    10.179     6.786
       367       168       393       168       367       157       391       160       337       168       367       168       337       157       367       157   294.500       168       312       168   294.500       157       312       157       280       157   294.500       157       280       168   294.500       168
         0

         3
         0       665      1330
         2        12         2        12
         5        10
         0         1
        13
       309         0       309       155       280       155       280       170       380       170       390       200       390       200       400       200       400       200       396       170       394       158       340       152       340         0
         0

         9
    10.179       -45         5   109.100    10.900
     5.089       -45        55    59.100    10.900
    10.179       -45       105     9.100    10.900
    10.179        20       165     7.200    17.800
     5.089       115       265     9.100    10.900
     5.089   113.500   258.500     7.200    17.800
    10.179       220       365     7.200    17.800
     5.089       335       480     7.200    17.800
     5.089       455       595     5.300    24.700
         1
  1377.500     1.005        15
        10
       -45      1375         4    30.536
         5      1325    10.900    10.179
        55      1275    10.900     5.089
       105      1225    10.900    10.179
       165      1165    17.800    10.179
       265      1065    10.900     5.089
   258.500  1071.500    17.800     5.089
       365       965    17.800    10.179
       480       850    17.800     5.089
       595       735    24.700     5.089
         1
       -45      1375         6     2.262
         1
12
18
 -13.5 -11.0 -8.6 -6.1 -3.7 -1.2 1.2 3.7 6.1 8.6 11.0 13.5 
4
18
 -13.5 -4.5 4.5 13.5 
2
18
 -4.5 4.5 
4
18
 -9.0 -3.0 3.0 9.0 
4
18
 -13.5 -4.5 4.5 13.5 
2
18
 -13.5 13.5 
2
18
 -12.0 12.0 
4
18
 -13.5 -4.5 4.5 13.5 
2
18
 -10.0 10.0 
2
18
 -13.5 13.5 
2
12
 -13.5 13.5 
6
12
5
12
10
12
5
12
10
12
5
12
9
12
6
12
12
18
 -13.5 -11.0 -8.6 -6.1 -3.7 -1.2 1.2 3.7 6.1 8.6 11.0 13.5 
4
18
 -13.5 -4.5 4.5 13.5 
2
18
 -4.5 4.5 
4
18
 -9.0 -3.0 3.0 9.0 
4
18
 -13.5 -4.5 4.5 13.5 
2
18
 -13.5 13.5 
2
18
 -12.0 12.0 
4
18
 -13.5 -4.5 4.5 13.5 
2
18
 -10.0 10.0 
2
18
 -13.5 13.5 
2
12
 -13.5 13.5 
6
12
5
12
10
12
5
12
10
12
5
12
12
18
 -13.5 -11.0 -8.6 -6.1 -3.7 -1.2 1.2 3.7 6.1 8.6 11.0 13.5 
4
18
 -13.5 -4.5 4.5 13.5 
2
18
 -4.5 4.5 
4
18
 -9.0 -3.0 3.0 9.0 
4
18
 -13.5 -4.5 4.5 13.5 
2
18
 -13.5 13.5 
2
18
 -12.0 12.0 
4
18
 -13.5 -4.5 4.5 13.5 
2
18
 -10.0 10.0 
2
18
 -13.5 13.5 
2
12
 -13.5 13.5 
6
12
5
12
10
12
5
12
10
12
5
12
12
18
 -13.5 -11.0 -8.6 -6.1 -3.7 -1.2 1.2 3.7 6.1 8.6 11.0 13.5 
4
18
 -13.5 -4.5 4.5 13.5 
2
18
 -4.5 4.5 
4
18
 -9.0 -3.0 3.0 9.0 
4
18
 -13.5 -4.5 4.5 13.5 
2
18
 -13.5 13.5 
2
18
 -12.0 12.0 
4
18
 -13.5 -4.5 4.5 13.5 
2
18
 -10.0 10.0 
2
18
 -13.5 13.5 
2
12
 -13.5 13.5 
6
12
5
12
10
12
5
12
10
12
5
12
9
12
6
12
