         2
n4_1500.41
*

         1
        25
         1         1         1         1
         0      1550        25      1525
      1650
         4
    75.500   166.500   233.500   324.500
         0
         0
       200       200
         1
        10
        20       190
        10       220
        10       220
        10       220
        35       240
       365       240
       390       220
       390       220
       390       220
       380       190

         0         0         0         0
         8
         2         2         2         2         2         2         2         2
     6.786     5.655    11.310     5.655    11.310     5.655    10.179     6.786
         7       188        33       188         9       180        33       177        33       188        63       188        33       177        63       177        88       188   105.500       188        88       177   105.500       177   105.500       177       120       177   105.500       188       120       188
         0

         3
         0       775      1550
         2        12         2        12
         4         9
         1         0
        13
        60         0        60       172         6       178         4       190         0       220         0       220        10       220        10       220        20       190       120       190       120       175        91       175        91         0
         0

         9
    15.268       -45        30   104.100    10.900
    15.268       -35       125    12.200    17.800
    15.268        40       210     9.100    10.900
    10.179       135       300     7.200    17.800
     5.089       230       395     7.200    17.800
     5.089   228.500   388.500     5.300    24.700
    10.179       335       495     5.300    24.700
     5.089       450       605     3.400    31.600
     5.089       560       715     3.400    31.600
         1
  1592.500     1.005        15
        10
       -45      1595         4    30.536
        30      1520    10.900    15.268
       125      1425    17.800    15.268
       210      1340    10.900    15.268
       300      1250    17.800    10.179
       395      1155    17.800     5.089
   388.500  1161.500    24.700     5.089
       495      1055    24.700    10.179
       605       945    31.600     5.089
       715       835    31.600     5.089
         1
       -45      1595         6     2.262

         6
         2         2         2         2         2         2
    10.179     6.786    11.310     5.655    11.310     5.655
       120       177   134.500       177       120       188   134.500       188   134.500       188       152       188   134.500       177       152       177       179       188       197       188       179       177       197       180
         0

         3
         0       775      1550
         2         7         2         7
         0         1
         8
       149         0       149       175       120       175       120       190       200       190       200       178       182       172       182         0
         0

         9
    15.268       -45        30   104.100    10.900
    15.268       -35       125    12.200    17.800
    15.268        40       210     9.100    10.900
    10.179       135       300     7.200    17.800
     5.089       230       395     7.200    17.800
     5.089   228.500   388.500     5.300    24.700
    10.179       335       495     5.300    24.700
     5.089       450       605     3.400    31.600
     5.089       560       715     3.400    31.600
         1
  1592.500     1.005        15
        10
       -45      1595         4    30.536
        30      1520    10.900    15.268
       125      1425    17.800    15.268
       210      1340    10.900    15.268
       300      1250    17.800    10.179
       395      1155    17.800     5.089
   388.500  1161.500    24.700     5.089
       495      1055    24.700    10.179
       605       945    31.600     5.089
       715       835    31.600     5.089
         1
       -45      1595         6     2.262

         6
         2         2         2         2         2         2
    10.179     6.786    11.310     5.655    11.310     5.655
   263.500       177       278       177   263.500       188       278       188       246       188   263.500       188       246       177   263.500       177       203       188       221       188       203       180       221       177
         0

         3
         0       775      1550
         2         7         2         7
         1         0
         8
       218         0       218       172       200       178       200       190       278       190       278       175       249       175       249         0
         0

         9
    15.268       -45        30   104.100    10.900
    15.268       -35       125    12.200    17.800
    15.268        40       210     9.100    10.900
    10.179       135       300     7.200    17.800
     5.089       230       395     7.200    17.800
     5.089   228.500   388.500     5.300    24.700
    10.179       335       495     5.300    24.700
     5.089       450       605     3.400    31.600
     5.089       560       715     3.400    31.600
         1
  1592.500     1.005        15
        10
       -45      1595         4    30.536
        30      1520    10.900    15.268
       125      1425    17.800    15.268
       210      1340    10.900    15.268
       300      1250    17.800    10.179
       395      1155    17.800     5.089
   388.500  1161.500    24.700     5.089
       495      1055    24.700    10.179
       605       945    31.600     5.089
       715       835    31.600     5.089
         1
       -45      1595         6     2.262
         0         0         0         0
         8
         2         2         2         2         2         2         2         2
     6.786     5.655    11.310     5.655    11.310     5.655    10.179     6.786
       367       188       393       188       367       177       391       180       337       188       367       188       337       177       367       177   294.500       188       312       188   294.500       177       312       177       280       177   294.500       177       280       188   294.500       188
         0

         3
         0       775      1550
         2        12         2        12
         5        10
         0         1
        13
       309         0       309       175       280       175       280       190       380       190       390       220       390       220       400       220       400       220       396       190       394       178       340       172       340         0
         0

         9
    15.268       -45        30   104.100    10.900
    15.268       -35       125    12.200    17.800
    15.268        40       210     9.100    10.900
    10.179       135       300     7.200    17.800
     5.089       230       395     7.200    17.800
     5.089   228.500   388.500     5.300    24.700
    10.179       335       495     5.300    24.700
     5.089       450       605     3.400    31.600
     5.089       560       715     3.400    31.600
         1
  1592.500     1.005        15
        10
       -45      1595         4    30.536
        30      1520    10.900    15.268
       125      1425    17.800    15.268
       210      1340    10.900    15.268
       300      1250    17.800    10.179
       395      1155    17.800     5.089
   388.500  1161.500    24.700     5.089
       495      1055    24.700    10.179
       605       945    31.600     5.089
       715       835    31.600     5.089
         1
       -45      1595         6     2.262
         1
12
18
 -13.5 -11.0 -8.6 -6.1 -3.7 -1.2 1.2 3.7 6.1 8.6 11.0 13.5 
6
18
 -13.0 -7.8 -2.6 2.6 7.8 13.0 
6
18
 -13.0 -7.8 -2.6 2.6 7.8 13.0 
6
18
 -13.0 -7.8 -2.6 2.6 7.8 13.0 
4
18
 -13.5 -4.5 4.5 13.5 
2
18
 -13.5 13.5 
2
18
 -6.8 6.8 
4
18
 -13.5 -4.5 4.5 13.5 
2
18
 -13.5 13.5 
2
18
 -6.8 6.8 
2
12
 -13.5 13.5 
6
12
5
12
10
12
5
12
10
12
5
12
9
12
6
12
12
18
 -13.5 -11.0 -8.6 -6.1 -3.7 -1.2 1.2 3.7 6.1 8.6 11.0 13.5 
6
18
 -13.0 -7.8 -2.6 2.6 7.8 13.0 
6
18
 -13.0 -7.8 -2.6 2.6 7.8 13.0 
6
18
 -13.0 -7.8 -2.6 2.6 7.8 13.0 
4
18
 -13.5 -4.5 4.5 13.5 
2
18
 -13.5 13.5 
2
18
 -6.8 6.8 
4
18
 -13.5 -4.5 4.5 13.5 
2
18
 -13.5 13.5 
2
18
 -6.8 6.8 
2
12
 -13.5 13.5 
6
12
5
12
10
12
5
12
10
12
5
12
12
18
 -13.5 -11.0 -8.6 -6.1 -3.7 -1.2 1.2 3.7 6.1 8.6 11.0 13.5 
6
18
 -13.0 -7.8 -2.6 2.6 7.8 13.0 
6
18
 -13.0 -7.8 -2.6 2.6 7.8 13.0 
6
18
 -13.0 -7.8 -2.6 2.6 7.8 13.0 
4
18
 -13.5 -4.5 4.5 13.5 
2
18
 -13.5 13.5 
2
18
 -6.8 6.8 
4
18
 -13.5 -4.5 4.5 13.5 
2
18
 -13.5 13.5 
2
18
 -6.8 6.8 
2
12
 -13.5 13.5 
6
12
5
12
10
12
5
12
10
12
5
12
12
18
 -13.5 -11.0 -8.6 -6.1 -3.7 -1.2 1.2 3.7 6.1 8.6 11.0 13.5 
6
18
 -13.0 -7.8 -2.6 2.6 7.8 13.0 
6
18
 -13.0 -7.8 -2.6 2.6 7.8 13.0 
6
18
 -13.0 -7.8 -2.6 2.6 7.8 13.0 
4
18
 -13.5 -4.5 4.5 13.5 
2
18
 -13.5 13.5 
2
18
 -6.8 6.8 
4
18
 -13.5 -4.5 4.5 13.5 
2
18
 -13.5 13.5 
2
18
 -6.8 6.8 
2
12
 -13.5 13.5 
6
12
5
12
10
12
5
12
10
12
5
12
9
12
6
12
