         2
n4_1200.61
*

         1
        40
         1         1         1         1
         0      1250        25      1225
      1350
         4
        55       195       307       447
         0
         0
       251       251
         1
        10
        14       110
        10       140
        10       140
        10       140
        35       160
       467       160
       492       140
       492       140
       492       140
       488       110

         0         0         0         0
         8
         2         2         2         2         2         2         2         2
    13.572     2.513    13.572     2.513    13.572     2.513    12.441     4.524
         3       108         0       108         3       100         0       100         0       108        33       108         0       100        33        95        77       108   102.500       108        77       100   102.500       100   102.500       100       125       100   102.500       108       125       108
         0

         3
         0       625      1250
         2        12         3        12
         5         9
         1         0
        13
        30         0        30        95         0        98         0        98         0       110         0       140        10       140        10       140        14       110       125       110       125        98        80        98        80         0
         0

        12
    12.315       -45         5    52.400     7.600
    12.315       -45        45     6.300    13.700
    12.315        -5        85     6.300    13.700
    12.315        35       125     6.300    13.700
    12.315        95       180     8.200    16.800
    12.315       150       235     8.200    16.800
    12.315       200       285     8.200    16.800
    12.315       260       340     7.100    22.900
    12.315       320       400     7.100    22.900
    12.315       380       460     7.100    22.900
     6.158       445       525     4.100    25.900
     6.158       515       590     9.100    25.900
         1
      1295     2.011        20
        14
       -45      1295     4.600    36.945
       -45      1295     7.600    24.630
         5      1245     7.600    12.315
        45      1205    13.700    12.315
        85      1165    13.700    12.315
       125      1125    13.700    12.315
       180      1070    16.800    12.315
       235      1015    16.800    12.315
       285       965    16.800    12.315
       340       910    22.900    12.315
       400       850    22.900    12.315
       460       790    22.900    12.315
       525       725    25.900     6.158
       590       660    25.900     6.158
         1
       -45      1295         6     4.524

         8
         2         2         2         2         2         2         2         2
    12.441     4.524    13.572     2.513    13.572     2.513    12.441     4.524
       125       100   147.500       100       125       108   147.500       108   147.500       108       173       108   147.500       100       173       100       217       108   235.500       108       217       100   235.500       100   235.500       100       251       100   235.500       108       251       108
         0

         3
         0       625      1250
         2         7         2         7
         0         0
         8
       170         0       170        98       125        98       125       110       251       110       251        98       220        98       220         0
         0

        12
    12.315       -45         5    52.400     7.600
    12.315       -45        45     6.300    13.700
    12.315        -5        85     6.300    13.700
    12.315        35       125     6.300    13.700
    12.315        95       180     8.200    16.800
    12.315       150       235     8.200    16.800
    12.315       200       285     8.200    16.800
    12.315       260       340     7.100    22.900
    12.315       320       400     7.100    22.900
    12.315       380       460     7.100    22.900
     6.158       445       525     4.100    25.900
     6.158       515       590     9.100    25.900
         1
      1295     2.011        20
        14
       -45      1295     4.600    36.945
       -45      1295     7.600    24.630
         5      1245     7.600    12.315
        45      1205    13.700    12.315
        85      1165    13.700    12.315
       125      1125    13.700    12.315
       180      1070    16.800    12.315
       235      1015    16.800    12.315
       285       965    16.800    12.315
       340       910    22.900    12.315
       400       850    22.900    12.315
       460       790    22.900    12.315
       525       725    25.900     6.158
       590       660    25.900     6.158
         1
       -45      1295         6     4.524

         8
         2         2         2         2         2         2         2         2
    12.441     4.524    13.572     2.513    13.572     2.513    12.441     4.524
       251       100   266.500       100       251       108   266.500       108   266.500       108       285       108   266.500       100       285       100       329       108   354.500       108       329       100   354.500       100   354.500       100       377       100   354.500       108       377       108
         0

         3
         0       625      1250
         2         7         2         7
         0         0
         8
       282         0       282        98       251        98       251       110       377       110       377        98       332        98       332         0
         0

        12
    12.315       -45         5    52.400     7.600
    12.315       -45        45     6.300    13.700
    12.315        -5        85     6.300    13.700
    12.315        35       125     6.300    13.700
    12.315        95       180     8.200    16.800
    12.315       150       235     8.200    16.800
    12.315       200       285     8.200    16.800
    12.315       260       340     7.100    22.900
    12.315       320       400     7.100    22.900
    12.315       380       460     7.100    22.900
     6.158       445       525     4.100    25.900
     6.158       515       590     9.100    25.900
         1
      1295     2.011        20
        14
       -45      1295     4.600    36.945
       -45      1295     7.600    24.630
         5      1245     7.600    12.315
        45      1205    13.700    12.315
        85      1165    13.700    12.315
       125      1125    13.700    12.315
       180      1070    16.800    12.315
       235      1015    16.800    12.315
       285       965    16.800    12.315
       340       910    22.900    12.315
       400       850    22.900    12.315
       460       790    22.900    12.315
       525       725    25.900     6.158
       590       660    25.900     6.158
         1
       -45      1295         6     4.524
         0         0         0         0
         8
         2         2         2         2         2         2         2         2
    13.572     2.513    13.572     2.513    13.572     2.513    12.441     4.524
       499       108       502       108       499       100       502       100       502       108       469       108       502       100       469        95       425       108   399.500       108       425       100   399.500       100   399.500       100       377       100   399.500       108       377       108
         0

         3
         0       625      1250
         2        12         2        11
         5         9
         0         1
        13
       422         0       422        98       377        98       377       110       488       110       492       140       492       140       502       140       502       110       502        98       502        98       472        95       472         0
         0

        12
    12.315       -45         5    52.400     7.600
    12.315       -45        45     6.300    13.700
    12.315        -5        85     6.300    13.700
    12.315        35       125     6.300    13.700
    12.315        95       180     8.200    16.800
    12.315       150       235     8.200    16.800
    12.315       200       285     8.200    16.800
    12.315       260       340     7.100    22.900
    12.315       320       400     7.100    22.900
    12.315       380       460     7.100    22.900
     6.158       445       525     4.100    25.900
     6.158       515       590     9.100    25.900
         1
      1295     2.011        20
        14
       -45      1295     4.600    36.945
       -45      1295     7.600    24.630
         5      1245     7.600    12.315
        45      1205    13.700    12.315
        85      1165    13.700    12.315
       125      1125    13.700    12.315
       180      1070    16.800    12.315
       235      1015    16.800    12.315
       285       965    16.800    12.315
       340       910    22.900    12.315
       400       850    22.900    12.315
       460       790    22.900    12.315
       525       725    25.900     6.158
       590       660    25.900     6.158
         1
       -45      1295         6     4.524
         1
6
28
 -23.0 -13.8 -4.6 4.6 13.8 23.0 
4
28
 -23.0 -7.7 7.7 23.0 
2
28
 -10.0 10.0 
2
28
 -23.0 23.0 
2
28
 -10.0 10.0 
2
28
 -5.0 5.0 
2
28
 -23.0 23.0 
2
28
 -10.0 10.0 
2
28
 -5.0 5.0 
2
28
 -23.0 23.0 
2
28
 -10.0 10.0 
2
28
 -5.0 5.0 
1
28
 0.0 
1
28
 0.0 
4
12
 -23.0 -7.7 7.7 23.0 
12
12
5
8
12
12
5
8
12
12
5
8
11
12
4
12
6
28
 -23.0 -13.8 -4.6 4.6 13.8 23.0 
4
28
 -23.0 -7.7 7.7 23.0 
2
28
 -10.0 10.0 
2
28
 -23.0 23.0 
2
28
 -10.0 10.0 
2
28
 -5.0 5.0 
2
28
 -23.0 23.0 
2
28
 -10.0 10.0 
2
28
 -5.0 5.0 
2
28
 -23.0 23.0 
2
28
 -10.0 10.0 
2
28
 -5.0 5.0 
1
28
 0.0 
1
28
 0.0 
4
12
 -23.0 -7.7 7.7 23.0 
12
12
5
8
12
12
5
8
12
12
5
8
11
12
4
12
6
28
 -23.0 -13.8 -4.6 4.6 13.8 23.0 
4
28
 -23.0 -7.7 7.7 23.0 
2
28
 -10.0 10.0 
2
28
 -23.0 23.0 
2
28
 -10.0 10.0 
2
28
 -5.0 5.0 
2
28
 -23.0 23.0 
2
28
 -10.0 10.0 
2
28
 -5.0 5.0 
2
28
 -23.0 23.0 
2
28
 -10.0 10.0 
2
28
 -5.0 5.0 
1
28
 0.0 
1
28
 0.0 
4
12
 -23.0 -7.7 7.7 23.0 
12
12
5
8
12
12
5
8
12
12
5
8
11
12
4
12
6
28
 -23.0 -13.8 -4.6 4.6 13.8 23.0 
4
28
 -23.0 -7.7 7.7 23.0 
2
28
 -10.0 10.0 
2
28
 -23.0 23.0 
2
28
 -10.0 10.0 
2
28
 -5.0 5.0 
2
28
 -23.0 23.0 
2
28
 -10.0 10.0 
2
28
 -5.0 5.0 
2
28
 -23.0 23.0 
2
28
 -10.0 10.0 
2
28
 -5.0 5.0 
1
28
 0.0 
1
28
 0.0 
4
12
 -23.0 -7.7 7.7 23.0 
12
12
5
8
12
12
5
8
12
12
5
8
11
12
4
12
