         2
n4_1000.39
*

         1
        20
         0         0         0         0
         0      1050        25      1025
      1150
         4
        72       170       230       328
         0
         0
       200       200
         1
        10
        20       150
        10       180
        10       180
        10       180
        35       200
       365       200
       390       180
       390       180
       390       180
       380       150

         0         0         0         0
         8
         2         2         2         2         2         2         2         2
     6.786     5.655    11.310     5.655    11.310     5.655    10.179     6.786
         7       148        33       148         9       140        33   137.750        33       148        63       148        33   137.750        63       137        81       148       102       148        81       137       102       137       102       137       120       137       102       148       120       148
         0

         3
         0       525      1050
         2        12         2        12
         4         9
         1         0
        13
        60         0        60   133.500         6       138         4       150         0       180         0       180        10       180        10       180        20       150       120       150       120       135        84       135        84         0
         0

         7
    12.566       -45        10    89.300     5.700
    12.566       -45        65    29.300    10.700
    12.566       -10       125     4.300    10.700
     6.283        65       200     2.600    12.400
     6.283       145       280     2.600    12.400
     6.283       230       355     7.600    17.400
     6.283       305       430     7.600    17.400
         1
      1095     1.005        15
         8
       -45      1095         4    25.133
        10      1040     5.700    12.566
        65       985    10.700    12.566
       125       925    10.700    12.566
       200       850    12.400     6.283
       280       770    12.400     6.283
       355       695    17.400     6.283
       430       620    17.400     6.283
         1
       -45      1095         6     2.262

         6
         2         2         2         2         2         2
    10.179     6.786    11.310     5.655    11.310     5.655
       120       137       138       137       120       148       138       148       138       148       159       148       138       137       159       137       179       148       197       148       179       137       197       140
         0

         3
         0       525      1050
         2         7         2         7
         0         1
         8
       156         0       156       135       120       135       120       150       200       150       200       138       182       134       182         0
         0

         7
    12.566       -45        10    89.300     5.700
    12.566       -45        65    29.300    10.700
    12.566       -10       125     4.300    10.700
     6.283        65       200     2.600    12.400
     6.283       145       280     2.600    12.400
     6.283       230       355     7.600    17.400
     6.283       305       430     7.600    17.400
         1
      1095     1.005        15
         8
       -45      1095         4    25.133
        10      1040     5.700    12.566
        65       985    10.700    12.566
       125       925    10.700    12.566
       200       850    12.400     6.283
       280       770    12.400     6.283
       355       695    17.400     6.283
       430       620    17.400     6.283
         1
       -45      1095         6     2.262

         6
         2         2         2         2         2         2
    10.179     6.786    11.310     5.655    11.310     5.655
       260       137       278       137       260       148       278       148       239       148       260       148       239       137       260       137       203       148       221       148       203       140       221       137
         0

         3
         0       525      1050
         2         7         2         7
         1         0
         8
       218         0       218       134       200       138       200       150       278       150       278       135       242       135       242         0
         0

         7
    12.566       -45        10    89.300     5.700
    12.566       -45        65    29.300    10.700
    12.566       -10       125     4.300    10.700
     6.283        65       200     2.600    12.400
     6.283       145       280     2.600    12.400
     6.283       230       355     7.600    17.400
     6.283       305       430     7.600    17.400
         1
      1095     1.005        15
         8
       -45      1095         4    25.133
        10      1040     5.700    12.566
        65       985    10.700    12.566
       125       925    10.700    12.566
       200       850    12.400     6.283
       280       770    12.400     6.283
       355       695    17.400     6.283
       430       620    17.400     6.283
         1
       -45      1095         6     2.262
         0         0         0         0
         8
         2         2         2         2         2         2         2         2
     6.786     5.655    11.310     5.655    11.310     5.655    10.179     6.786
       367       148       393       148       367   137.750       391       140       337       148       367       148       337       137       367   137.750       298       148       319       148       298       137       319       137       280       137       298       137       280       148       298       148
         0

         3
         0       525      1050
         2        12         2        12
         5        10
         0         1
        13
       316         0       316       135       280       135       280       150       380       150       390       180       390       180       400       180       400       180       396       150       394       138       340   133.500       340         0
         0

         7
    12.566       -45        10    89.300     5.700
    12.566       -45        65    29.300    10.700
    12.566       -10       125     4.300    10.700
     6.283        65       200     2.600    12.400
     6.283       145       280     2.600    12.400
     6.283       230       355     7.600    17.400
     6.283       305       430     7.600    17.400
         1
      1095     1.005        15
         8
       -45      1095         4    25.133
        10      1040     5.700    12.566
        65       985    10.700    12.566
       125       925    10.700    12.566
       200       850    12.400     6.283
       280       770    12.400     6.283
       355       695    17.400     6.283
       430       620    17.400     6.283
         1
       -45      1095         6     2.262
         1
2
20
 -10.0 10.0 
4
20
 -10.0 -3.3 3.3 10.0 
4
20
 -10.0 -3.3 3.3 10.0 
4
20
 -5.0 -1.7 1.7 5.0 
2
20
 -10.0 10.0 
2
20
 -5.0 5.0 
2
20
 -10.0 10.0 
2
20
 -5.0 5.0 
2
12
 -10.0 10.0 
6
12
5
12
10
12
5
12
10
12
5
12
9
12
6
12
2
20
 -10.0 10.0 
4
20
 -10.0 -3.3 3.3 10.0 
4
20
 -10.0 -3.3 3.3 10.0 
4
20
 -5.0 -1.7 1.7 5.0 
2
20
 -10.0 10.0 
2
20
 -5.0 5.0 
2
20
 -10.0 10.0 
2
20
 -5.0 5.0 
2
12
 -10.0 10.0 
6
12
5
12
10
12
5
12
10
12
5
12
2
20
 -10.0 10.0 
4
20
 -10.0 -3.3 3.3 10.0 
4
20
 -10.0 -3.3 3.3 10.0 
4
20
 -5.0 -1.7 1.7 5.0 
2
20
 -10.0 10.0 
2
20
 -5.0 5.0 
2
20
 -10.0 10.0 
2
20
 -5.0 5.0 
2
12
 -10.0 10.0 
6
12
5
12
10
12
5
12
10
12
5
12
2
20
 -10.0 10.0 
4
20
 -10.0 -3.3 3.3 10.0 
4
20
 -10.0 -3.3 3.3 10.0 
4
20
 -5.0 -1.7 1.7 5.0 
2
20
 -10.0 10.0 
2
20
 -5.0 5.0 
2
20
 -10.0 10.0 
2
20
 -5.0 5.0 
2
12
 -10.0 10.0 
6
12
5
12
10
12
5
12
10
12
5
12
9
12
6
12
