4
2-х блочное 4-х ребристое ж.б. ПС , ЦКБ Главмостостроя МПС, 1947г.
Lо=10.67 м,  Lп=11.18м.
Код n4_1067.39
*
  1.000
 25.000
  0.000
  0.000
  0.000
  0.000
  0.000
1118.000
 25.500
1092.500
1220.000
  4.000
 72.000
169.500
230.500
328.000
  0.000
  0.000
200.000
200.000
  1.000
 10.000
 20.000
150.000
 10.000
180.000
 10.000
180.000
 10.000
180.000
 40.000
200.000
360.000
200.000
390.000
180.000
390.000
180.000
390.000
180.000
380.000
150.000
  0.000
  0.000
  0.000
  0.000
  8.000
  2.000
  2.000
  2.000
  2.000
  2.000
  2.000
  2.000
  2.000
  5.655
  3.927
 11.310
  3.927
 11.310
  3.927
  7.854
  5.655
  7.000
147.900
 33.000
147.900
  9.000
140.100
 33.000
138.100
 33.000
147.900
 63.000
147.900
 33.000
138.100
 63.000
137.100
 81.000
147.900
102.000
147.900
 81.000
137.100
102.000
137.100
102.000
137.100
120.000
137.100
102.000
147.900
120.000
147.900
  0.000
  3.000
  0.000
559.000
1118.000
  2.000
 12.000
  2.000
 12.000
  4.000
  9.000
  1.000
  0.000
 13.000
 60.000
  0.000
 60.000
134.000
  6.000
138.000
  4.000
150.000
  0.000
180.000
  0.000
180.000
 10.000
180.000
 10.000
180.000
 20.000
150.000
120.000
150.000
120.000
135.000
 84.000
135.000
 84.000
  0.000
  0.000
  8.000
  5.089
-48.000
 19.000
 79.000
  4.000
 10.179
-53.000
 69.000
 22.100
  5.900
 10.179
-21.000
119.000
  4.000
  5.900
  5.089
 40.700
174.000
  3.900
 12.800
  5.089
 99.000
229.000
  7.200
 12.800
  5.089
184.000
309.000
  7.200
 17.800
  5.089
264.000
389.000
  7.200
 17.800
  5.089
379.000
504.000
  5.300
 19.700
  1.000
1215.000
  1.005
 15.000
  9.000
-52.000
1170.000
  4.000
 25.447
 19.000
1099.000
  5.900
  5.089
 69.000
1049.000
 10.900
 10.179
119.000
999.000
 10.900
 10.179
174.000
944.000
 12.800
  5.089
229.000
889.000
 12.800
  5.089
309.000
809.000
 17.800
  5.089
389.000
729.000
 17.800
  5.089
504.000
614.000
 19.700
  5.089
  1.000
-46.000
1164.000
  5.900
  2.262
  6.000
  2.000
  2.000
  2.000
  2.000
  2.000
  2.000
  7.854
  5.655
 11.310
  3.927
 11.310
  3.927
120.000
137.100
138.000
137.100
120.000
147.900
138.000
147.900
138.000
147.900
159.000
147.900
138.000
137.100
159.000
137.100
178.500
147.900
197.000
147.900
178.500
137.100
197.000
140.100
  0.000
  3.000
  0.000
559.000
1118.000
  2.000
  7.000
  2.000
  7.000
  0.000
  1.000
  8.000
156.000
  0.000
156.000
135.000
120.000
135.000
120.000
150.000
200.000
150.000
200.000
138.000
181.500
135.000
181.500
  0.000
  0.000
  8.000
  5.089
-48.000
 19.000
 79.000
  4.000
 10.179
-53.000
 69.000
 22.100
  5.900
 10.179
-21.000
119.000
  4.000
  5.900
  5.089
 40.700
174.000
  3.900
 12.800
  5.089
 99.000
229.000
  7.200
 12.800
  5.089
184.000
309.000
  7.200
 17.800
  5.089
264.000
389.000
  7.200
 17.800
  5.089
379.000
504.000
  5.300
 19.700
  1.000
1215.000
  1.005
 15.000
  9.000
-52.000
1170.000
  4.000
 25.447
 19.000
1099.000
  5.900
  5.089
 69.000
1049.000
 10.900
 10.179
119.000
999.000
 10.900
 10.179
174.000
944.000
 12.800
  5.089
229.000
889.000
 12.800
  5.089
309.000
809.000
 17.800
  5.089
389.000
729.000
 17.800
  5.089
504.000
614.000
 19.700
  5.089
  1.000
-46.000
1164.000
  5.900
  2.262
  6.000
  2.000
  2.000
  2.000
  2.000
  2.000
  2.000
  7.854
  5.655
 11.310
  3.927
 11.310
  3.927
260.500
137.100
278.500
137.100
260.500
147.900
278.500
147.900
239.500
147.900
260.500
147.900
239.500
137.100
260.500
137.100
203.000
147.900
221.500
147.900
203.000
140.100
221.500
137.100
  0.000
  3.000
  0.000
559.000
1118.000
  2.000
  7.000
  2.000
  7.000
  1.000
  0.000
  8.000
218.500
  0.000
218.500
135.000
200.000
138.000
200.000
150.000
278.500
150.000
278.500
135.000
242.500
135.000
242.500
  0.000
  0.000
  8.000
  5.089
-48.000
 19.000
 79.000
  4.000
 10.179
-53.000
 69.000
 22.100
  5.900
 10.179
-21.000
119.000
  4.000
  5.900
  5.089
 40.700
174.000
  3.900
 12.800
  5.089
 99.000
229.000
  7.200
 12.800
  5.089
184.000
309.000
  7.200
 17.800
  5.089
264.000
389.000
  7.200
 17.800
  5.089
379.000
504.000
  5.300
 19.700
  1.000
1215.000
  1.005
 15.000
  9.000
-52.000
1170.000
  4.000
 25.447
 19.000
1099.000
  5.900
  5.089
 69.000
1049.000
 10.900
 10.179
119.000
999.000
 10.900
 10.179
174.000
944.000
 12.800
  5.089
229.000
889.000
 12.800
  5.089
309.000
809.000
 17.800
  5.089
389.000
729.000
 17.800
  5.089
504.000
614.000
 19.700
  5.089
  1.000
-46.000
1164.000
  5.900
  2.262
  0.000
  0.000
  0.000
  0.000
  8.000
  2.000
  2.000
  2.000
  2.000
  2.000
  2.000
  2.000
  2.000
  5.655
  3.927
 11.310
  3.927
 11.310
  3.927
  7.854
  5.655
367.000
147.900
393.000
147.900
367.000
138.100
391.000
140.100
337.000
147.900
367.000
147.900
337.000
137.100
367.000
138.100
298.000
147.900
319.000
147.900
298.000
137.100
319.000
137.100
280.000
137.100
298.000
137.100
280.000
147.900
298.000
147.900
  0.000
  3.000
  0.000
559.000
1118.000
  2.000
 12.000
  2.000
 12.000
  5.000
 10.000
  0.000
  1.000
 13.000
316.000
  0.000
316.000
135.000
280.000
135.000
280.000
150.000
380.000
150.000
390.000
180.000
390.000
180.000
400.000
180.000
400.000
180.000
396.000
150.000
394.000
138.000
340.000
134.000
340.000
  0.000
  0.000
  8.000
  5.089
-48.000
 19.000
 79.000
  4.000
 10.179
-53.000
 69.000
 22.100
  5.900
 10.179
-21.000
119.000
  4.000
  5.900
  5.089
 40.700
174.000
  3.900
 12.800
  5.089
 99.000
229.000
  7.200
 12.800
  5.089
184.000
309.000
  7.200
 17.800
  5.089
264.000
389.000
  7.200
 17.800
  5.089
379.000
504.000
  5.300
 19.700
  1.000
1215.000
  1.005
 15.000
  9.000
-52.000
1170.000
  4.000
 25.447
 19.000
1099.000
  5.900
  5.089
 69.000
1049.000
 10.900
 10.179
119.000
999.000
 10.900
 10.179
174.000
944.000
 12.800
  5.089
229.000
889.000
 12.800
  5.089
309.000
809.000
 17.800
  5.089
389.000
729.000
 17.800
  5.089
504.000
614.000
 19.700
  5.089
  1.000
-46.000
1164.000
  5.900
  2.262
  1.000
10
18
 -9.9 -7.7 -5.5 -3.3 -1.1 1.1 3.3 5.5 7.7 9.9 
2
18
 -10.0 10.0 
4
18
 -9.9 -3.3 3.3 9.9 
4
18
 -5.0 -1.6 1.6 5.0 
2
18
 -10.0 10.0 
2
18
 -5.0 5.0 
2
18
 -10.0 10.0 
2
18
 -5.0 5.0 
2
18
 -10.0 10.0 
2
12
 -10.0 10.0 
5
12
5
10
10
12
5
10
10
12
5
10
10
10
5
12
10
18
 -9.9 -7.7 -5.5 -3.3 -1.1 1.1 3.3 5.5 7.7 9.9 
2
18
 -10.0 10.0 
4
18
 -9.9 -3.3 3.3 9.9 
4
18
 -5.0 -1.6 1.6 5.0 
2
18
 -10.0 10.0 
2
18
 -5.0 5.0 
2
18
 -10.0 10.0 
2
18
 -5.0 5.0 
2
18
 -10.0 10.0 
2
12
 -10.0 10.0 
5
12
5
10
10
12
5
10
10
12
5
10
10
18
 -9.9 -7.7 -5.5 -3.3 -1.1 1.1 3.3 5.5 7.7 9.9 
2
18
 -10.0 10.0 
4
18
 -9.9 -3.3 3.3 9.9 
4
18
 -5.0 -1.6 1.6 5.0 
2
18
 -10.0 10.0 
2
18
 -5.0 5.0 
2
18
 -10.0 10.0 
2
18
 -5.0 5.0 
2
18
 -10.0 10.0 
2
12
 -10.0 10.0 
5
12
5
10
10
12
5
10
10
12
5
10
10
18
 -9.9 -7.7 -5.5 -3.3 -1.1 1.1 3.3 5.5 7.7 9.9 
2
18
 -10.0 10.0 
4
18
 -9.9 -3.3 3.3 9.9 
4
18
 -5.0 -1.6 1.6 5.0 
2
18
 -10.0 10.0 
2
18
 -5.0 5.0 
2
18
 -10.0 10.0 
2
18
 -5.0 5.0 
2
18
 -10.0 10.0 
2
12
 -10.0 10.0 
5
12
5
10
10
12
5
10
10
12
5
10
10
10
5
12
