         2
n4_1067.41
*

         1
        25
         1         1         1         1
         0      1118    25.500  1092.500
      1220
         4
        72       170       230       328
         0
         0
       200       200
         1
        10
        20       150
        10       180
        10       180
        10       180
        35       200
       365       200
       390       180
       390       180
       390       180
       380       150

         0         0         0         0
         8
         2         2         2         2         2         2         2         2
     5.655     3.927    11.310     3.927    11.310     3.927     5.655     5.655
         7       148        33       148         9       140        33       138        33       148        63       148        33       138        63       137        81       148       102       148        81       137       102       137       102       137       120       137       102       148       120       148
         0

         3
         0       559      1118
         2        12         2        12
         4         9
         1         0
        13
        60         0        60       134         6       138         4       150         0       180         0       180        10       180        10       180        20       150       120       150       120       135        84       135        84         0
         0

         8
     5.089       -46        19        81         4
    10.179       -46        69    24.100    10.900
    10.179       -11       119     9.100    10.900
     5.089        44       174     9.100    10.900
     5.089        99       229     9.100    10.900
     5.089       184       309     7.200    17.800
     5.089       264       389     7.200    17.800
     5.089       379       504     7.200    17.800
         1
  1166.500     1.005        15
         9
       -46      1164         4    25.447
        19      1099         4     5.089
        69      1049    10.900    10.179
       119       999    10.900    10.179
       174       944    10.900     5.089
       229       889    10.900     5.089
       309       809    17.800     5.089
       389       729    17.800     5.089
       504       614    17.800     5.089
         1
       -46      1164         6     2.262

         6
         2         2         2         2         2         2
     5.655     5.655    11.310     3.927    11.310     3.927
       120       137       138       137       120       148       138       148       138       148       159       148       138       137       159       137       179       148       197       148       179       137       197       140
         0

         3
         0       559      1118
         2         7         2         7
         0         1
         8
       156         0       156       135       120       135       120       150       200       150       200       138       182       134       182         0
         0

         8
     5.089       -46        19        81         4
    10.179       -46        69    24.100    10.900
    10.179       -11       119     9.100    10.900
     5.089        44       174     9.100    10.900
     5.089        99       229     9.100    10.900
     5.089       184       309     7.200    17.800
     5.089       264       389     7.200    17.800
     5.089       379       504     7.200    17.800
         1
  1166.500     1.005        15
         9
       -46      1164         4    25.447
        19      1099         4     5.089
        69      1049    10.900    10.179
       119       999    10.900    10.179
       174       944    10.900     5.089
       229       889    10.900     5.089
       309       809    17.800     5.089
       389       729    17.800     5.089
       504       614    17.800     5.089
         1
       -46      1164         6     2.262

         6
         2         2         2         2         2         2
     5.655     5.655    11.310     3.927    11.310     3.927
       260       137       278       137       260       148       278       148       239       148       260       148       239       137       260       137       203       148       221       148       203       140       221       137
         0

         3
         0       559      1118
         2         7         2         7
         1         0
         8
       218         0       218       134       200       138       200       150       278       150       278       135       242       135       242         0
         0

         8
     5.089       -46        19        81         4
    10.179       -46        69    24.100    10.900
    10.179       -11       119     9.100    10.900
     5.089        44       174     9.100    10.900
     5.089        99       229     9.100    10.900
     5.089       184       309     7.200    17.800
     5.089       264       389     7.200    17.800
     5.089       379       504     7.200    17.800
         1
  1166.500     1.005        15
         9
       -46      1164         4    25.447
        19      1099         4     5.089
        69      1049    10.900    10.179
       119       999    10.900    10.179
       174       944    10.900     5.089
       229       889    10.900     5.089
       309       809    17.800     5.089
       389       729    17.800     5.089
       504       614    17.800     5.089
         1
       -46      1164         6     2.262
         0         0         0         0
         8
         2         2         2         2         2         2         2         2
     5.655     3.927    11.310     3.927    11.310     3.927     5.655     5.655
       367       148       393       148       367       138       391       140       337       148       367       148       337       137       367       138       298       148       319       148       298       137       319       137       280       137       298       137       280       148       298       148
         0

         3
         0       559      1118
         2        12         2        12
         5        10
         0         1
        13
       316         0       316       135       280       135       280       150       380       150       390       180       390       180       400       180       400       180       396       150       394       138       340       134       340         0
         0

         8
     5.089       -46        19        81         4
    10.179       -46        69    24.100    10.900
    10.179       -11       119     9.100    10.900
     5.089        44       174     9.100    10.900
     5.089        99       229     9.100    10.900
     5.089       184       309     7.200    17.800
     5.089       264       389     7.200    17.800
     5.089       379       504     7.200    17.800
         1
  1166.500     1.005        15
         9
       -46      1164         4    25.447
        19      1099         4     5.089
        69      1049    10.900    10.179
       119       999    10.900    10.179
       174       944    10.900     5.089
       229       889    10.900     5.089
       309       809    17.800     5.089
       389       729    17.800     5.089
       504       614    17.800     5.089
         1
       -46      1164         6     2.262
         1
10
18
 -10.0 -7.8 -5.6 -3.3 -1.1 1.1 3.3 5.6 7.8 10.0 
2
18
 -5.5 5.5 
1
36
 0.0 
1
36
 0.0 
2
18
 -10.0 10.0 
2
18
 -5.0 5.0 
2
18
 -10.0 10.0 
2
18
 -7.5 7.5 
2
18
 -5.0 5.0 
2
12
 -10.0 10.0 
5
12
5
10
10
12
5
10
10
12
5
10
5
12
5
12
10
18
 -10.0 -7.8 -5.6 -3.3 -1.1 1.1 3.3 5.6 7.8 10.0 
2
18
 -5.5 5.5 
1
36
 0.0 
1
36
 0.0 
2
18
 -10.0 10.0 
2
18
 -5.0 5.0 
2
18
 -10.0 10.0 
2
18
 -7.5 7.5 
2
18
 -5.0 5.0 
2
12
 -10.0 10.0 
5
12
5
10
10
12
5
10
10
12
5
10
10
18
 -10.0 -7.8 -5.6 -3.3 -1.1 1.1 3.3 5.6 7.8 10.0 
2
18
 -5.5 5.5 
1
36
 0.0 
1
36
 0.0 
2
18
 -10.0 10.0 
2
18
 -5.0 5.0 
2
18
 -10.0 10.0 
2
18
 -7.5 7.5 
2
18
 -5.0 5.0 
2
12
 -10.0 10.0 
5
12
5
10
10
12
5
10
10
12
5
10
10
18
 -10.0 -7.8 -5.6 -3.3 -1.1 1.1 3.3 5.6 7.8 10.0 
2
18
 -5.5 5.5 
1
36
 0.0 
1
36
 0.0 
2
18
 -10.0 10.0 
2
18
 -5.0 5.0 
2
18
 -10.0 10.0 
2
18
 -7.5 7.5 
2
18
 -5.0 5.0 
2
12
 -10.0 10.0 
5
12
5
10
10
12
5
10
10
12
5
10
5
12
5
12
