         2
n4_1000.41
*

         1
        25
         1         1         1         1
         0      1050        25      1025
      1150
         4
        72       170       230       328
         0
         0
       200       200
         1
        10
        20       150
        10       180
        10       180
        10       180
        35       200
       365       200
       390       180
       390       180
       390       180
       380       150

         0         0         0         0
         8
         2         2         2         2         2         2         2         2
     5.655     3.927    11.310     3.927    11.310     3.927     5.655     5.655
         8       148        33       148         9       140        33       138        33       148        63       148        33       138        63       137        81       148       102       148        81       137       102       137       102       137       120       137       102       148       120       148
         0

         3
         0       525      1050
         2        12         2        12
         4         9
         1         0
        13
        60         0        60       134         6       138         5       150         0       180         0       180        10       180        10       180        20       150       120       150       120       135        84       135        84         0
         0

         6
     5.089       -45        20        81         4
    15.268       -45        85     9.100    10.900
     7.634        35       165     9.100    10.900
     7.634       115       245     9.100    10.900
     5.089       220       345     7.200    17.800
     5.089       320       445     7.200    17.800
         1
      1095     1.005        15
         7
       -45      1095         4    25.447
        20      1030         4     5.089
        85       965    10.900    15.268
       165       885    10.900     7.634
       245       805    10.900     7.634
       345       705    17.800     5.089
       445       605    17.800     5.089
         1
       -45      1095         6     2.262

         6
         2         2         2         2         2         2
     5.655     5.655    11.310     3.927    11.310     3.927
       120       137       138       137       120       148       138       148       138       148       159       148       138       137       159       137       179       148       197       148       179       137       197       140
         0

         3
         0       525      1050
         2         7         2         7
         0         1
         8
       156         0       156       135       120       135       120       150       200       150       200       138       182       134       182         0
         0

         6
     5.089       -45        20        81         4
    15.268       -45        85     9.100    10.900
     7.634        35       165     9.100    10.900
     7.634       115       245     9.100    10.900
     5.089       220       345     7.200    17.800
     5.089       320       445     7.200    17.800
         1
      1095     1.005        15
         7
       -45      1095         4    25.447
        20      1030         4     5.089
        85       965    10.900    15.268
       165       885    10.900     7.634
       245       805    10.900     7.634
       345       705    17.800     5.089
       445       605    17.800     5.089
         1
       -45      1095         6     2.262

         6
         2         2         2         2         2         2
     5.655     5.655    11.310     3.927    11.310     3.927
       260       137       278       137       260       148       278       148       239       148       260       148       239       137       260       137       203       148       221       148       203       140       221       137
         0

         3
         0       525      1050
         2         7         2         7
         1         0
         8
       218         0       218       134       200       138       200       150       278       150       278       135       242       135       242         0
         0

         6
     5.089       -45        20        81         4
    15.268       -45        85     9.100    10.900
     7.634        35       165     9.100    10.900
     7.634       115       245     9.100    10.900
     5.089       220       345     7.200    17.800
     5.089       320       445     7.200    17.800
         1
      1095     1.005        15
         7
       -45      1095         4    25.447
        20      1030         4     5.089
        85       965    10.900    15.268
       165       885    10.900     7.634
       245       805    10.900     7.634
       345       705    17.800     5.089
       445       605    17.800     5.089
         1
       -45      1095         6     2.262
         0         0         0         0
         8
         2         2         2         2         2         2         2         2
     5.655     3.927    11.310     3.927    11.310     3.927     5.655     5.655
       367       148       392       148       367       138       391       140       337       148       367       148       337       137       367       138       298       148       319       148       298       137       319       137       280       137       298       137       280       148       298       148
         0

         3
         0       525      1050
         2        12         2        12
         5        10
         0         1
        13
       316         0       316       135       280       135       280       150       380       150       390       180       390       180       400       180       400       180       395       150       394       138       340       134       340         0
         0

         6
     5.089       -45        20        81         4
    15.268       -45        85     9.100    10.900
     7.634        35       165     9.100    10.900
     7.634       115       245     9.100    10.900
     5.089       220       345     7.200    17.800
     5.089       320       445     7.200    17.800
         1
      1095     1.005        15
         7
       -45      1095         4    25.447
        20      1030         4     5.089
        85       965    10.900    15.268
       165       885    10.900     7.634
       245       805    10.900     7.634
       345       705    17.800     5.089
       445       605    17.800     5.089
         1
       -45      1095         6     2.262
         1
10
18
 -10.0 -7.8 -5.6 -3.3 -1.1 1.1 3.3 5.6 7.8 10.0 
2
18
 -5.0 5.0 
6
18
 -10.0 -6.0 -2.0 2.0 6.0 10.0 
3
18
 -8.0 0.0 8.0 
3
18
 -4.0 0.0 4.0 
2
18
 -10.0 10.0 
2
18
 -5.0 5.0 
2
12
 -10.0 10.0 
5
12
5
10
10
12
5
10
10
12
5
10
5
12
5
12
10
18
 -10.0 -7.8 -5.6 -3.3 -1.1 1.1 3.3 5.6 7.8 10.0 
2
18
 -5.0 5.0 
6
18
 -10.0 -6.0 -2.0 2.0 6.0 10.0 
3
18
 -8.0 0.0 8.0 
3
18
 -4.0 0.0 4.0 
2
18
 -10.0 10.0 
2
18
 -5.0 5.0 
2
12
 -10.0 10.0 
5
12
5
10
10
12
5
10
10
12
5
10
10
18
 -10.0 -7.8 -5.6 -3.3 -1.1 1.1 3.3 5.6 7.8 10.0 
2
18
 -5.0 5.0 
6
18
 -10.0 -6.0 -2.0 2.0 6.0 10.0 
3
18
 -8.0 0.0 8.0 
3
18
 -4.0 0.0 4.0 
2
18
 -10.0 10.0 
2
18
 -5.0 5.0 
2
12
 -10.0 10.0 
5
12
5
10
10
12
5
10
10
12
5
10
10
18
 -10.0 -7.8 -5.6 -3.3 -1.1 1.1 3.3 5.6 7.8 10.0 
2
18
 -5.0 5.0 
6
18
 -10.0 -6.0 -2.0 2.0 6.0 10.0 
3
18
 -8.0 0.0 8.0 
3
18
 -4.0 0.0 4.0 
2
18
 -10.0 10.0 
2
18
 -5.0 5.0 
2
12
 -10.0 10.0 
5
12
5
10
10
12
5
10
10
12
5
10
5
12
5
12
