         2
n4_1500.39
*

         1
        25
         0         0         0         0
         0      1550        25      1525
      1650
         4
    75.500   166.500   233.500   324.500
         0
         0
       200       200
         1
        10
        20       190
        10       220
        10       220
        10       220
        35       240
       365       240
       390       220
       390       220
       390       220
       380       190

         0         0         0         0
         8
         2         2         2         2         2         2         2         2
     6.786     5.655    11.310     5.655    11.310    11.310    10.179     6.786
         7       188        33       188         9       180        33       178        33       188        63       188        33       178        63       177        88       188   105.500       188        88       177   105.500       177   105.500       177       120       177   105.500       188       120       188
         0

         3
         0       775      1550
         2        12         2        12
         4         9
         1         0
        13
        60         0        60       174         6       178         4       190         0       220         0       220        10       220        10       220        20       190       120       190       120       175        91       175        91         0
         0

         7
     6.283       -45        45    89.300    10.700
    18.850       -15       150     7.600    17.400
    18.850        85       250    14.300    10.700
    18.850       185       350     7.600    17.400
    12.566       315       475     5.900    24.100
     6.283       430       590     5.900    24.100
     6.283       535       690         5        30
         1
  1592.500     1.005        15
         9
       -45      1595         4    37.699
       -45      1595    10.700    12.566
        45      1505    10.700     6.283
       150      1400    17.400    18.850
       250      1300    10.700    18.850
       350      1200    17.400    18.850
       475      1075    24.100    12.566
       590       960    24.100     6.283
       690       860        30     6.283
         1
       -45      1595         6     2.262

         6
         2         2         2         2         2         2
    10.179     6.786    11.310    11.310    11.310     5.655
       120       177   134.500       177       120       188   134.500       188   134.500       188       152       188   134.500       177       152       177       179       188       197       188       179       177       197       180
         0

         3
         0       775      1550
         2         7         2         7
         0         1
         8
       149         0       149       175       120       175       120       190       200       190       200       178       182       174       182         0
         0

         7
     6.283       -45        45    89.300    10.700
    18.850       -15       150     7.600    17.400
    18.850        85       250    14.300    10.700
    18.850       185       350     7.600    17.400
    12.566       315       475     5.900    24.100
     6.283       430       590     5.900    24.100
     6.283       535       690         5        30
         1
  1592.500     1.005        15
         9
       -45      1595         4    37.699
       -45      1595    10.700    12.566
        45      1505    10.700     6.283
       150      1400    17.400    18.850
       250      1300    10.700    18.850
       350      1200    17.400    18.850
       475      1075    24.100    12.566
       590       960    24.100     6.283
       690       860        30     6.283
         1
       -45      1595         6     2.262

         6
         2         2         2         2         2         2
    10.179     6.786    11.310    11.310    11.310     5.655
   263.500       177       278       177   263.500       188       278       188       246       188   263.500       188       246       177   263.500       177       203       188       221       188       203       180       221       177
         0

         3
         0       775      1550
         2         7         2         7
         1         0
         8
       218         0       218       174       200       178       200       190       278       190       278       175       249       175       249         0
         0

         7
     6.283       -45        45    89.300    10.700
    18.850       -15       150     7.600    17.400
    18.850        85       250    14.300    10.700
    18.850       185       350     7.600    17.400
    12.566       315       475     5.900    24.100
     6.283       430       590     5.900    24.100
     6.283       535       690         5        30
         1
  1592.500     1.005        15
         9
       -45      1595         4    37.699
       -45      1595    10.700    12.566
        45      1505    10.700     6.283
       150      1400    17.400    18.850
       250      1300    10.700    18.850
       350      1200    17.400    18.850
       475      1075    24.100    12.566
       590       960    24.100     6.283
       690       860        30     6.283
         1
       -45      1595         6     2.262
         0         0         0         0
         8
         2         2         2         2         2         2         2         2
     6.786     5.655    11.310     5.655    11.310    11.310    10.179     6.786
       367       188       393       188       367       178       391       180       337       188       367       188       337       177       367       178   294.500       188       312       188   294.500       177       312       177       280       177   294.500       177       280       188   294.500       188
         0

         3
         0       775      1550
         2        12         2        12
         5        10
         0         1
        13
       309         0       309       175       280       175       280       190       380       190       390       220       390       220       400       220       400       220       396       190       394       178       340       174       340         0
         0

         7
     6.283       -45        45    89.300    10.700
    18.850       -15       150     7.600    17.400
    18.850        85       250    14.300    10.700
    18.850       185       350     7.600    17.400
    12.566       315       475     5.900    24.100
     6.283       430       590     5.900    24.100
     6.283       535       690         5        30
         1
  1592.500     1.005        15
         9
       -45      1595         4    37.699
       -45      1595    10.700    12.566
        45      1505    10.700     6.283
       150      1400    17.400    18.850
       250      1300    10.700    18.850
       350      1200    17.400    18.850
       475      1075    24.100    12.566
       590       960    24.100     6.283
       690       860        30     6.283
         1
       -45      1595         6     2.262
         1
12
20
 -13.5 -11.0 -8.6 -6.1 -3.7 -1.2 1.2 3.7 6.1 8.6 11.0 13.5 
4
20
 -13.5 -4.5 4.5 13.5 
2
20
 -10.0 10.0 
6
20
 -13.0 -7.8 -2.6 2.6 7.8 13.0 
6
20
 -13.0 -7.8 -2.6 2.6 7.8 13.0 
6
20
 -13.0 -7.8 -2.6 2.6 7.8 13.0 
4
20
 -13.5 -4.5 4.5 13.5 
2
20
 -5.0 5.0 
2
20
 -13.5 13.5 
2
12
 -13.5 13.5 
6
12
5
12
10
12
5
12
10
12
10
12
9
12
6
12
12
20
 -13.5 -11.0 -8.6 -6.1 -3.7 -1.2 1.2 3.7 6.1 8.6 11.0 13.5 
4
20
 -13.5 -4.5 4.5 13.5 
2
20
 -10.0 10.0 
6
20
 -13.0 -7.8 -2.6 2.6 7.8 13.0 
6
20
 -13.0 -7.8 -2.6 2.6 7.8 13.0 
6
20
 -13.0 -7.8 -2.6 2.6 7.8 13.0 
4
20
 -13.5 -4.5 4.5 13.5 
2
20
 -5.0 5.0 
2
20
 -13.5 13.5 
2
12
 -13.5 13.5 
6
12
5
12
10
12
5
12
10
12
10
12
12
20
 -13.5 -11.0 -8.6 -6.1 -3.7 -1.2 1.2 3.7 6.1 8.6 11.0 13.5 
4
20
 -13.5 -4.5 4.5 13.5 
2
20
 -10.0 10.0 
6
20
 -13.0 -7.8 -2.6 2.6 7.8 13.0 
6
20
 -13.0 -7.8 -2.6 2.6 7.8 13.0 
6
20
 -13.0 -7.8 -2.6 2.6 7.8 13.0 
4
20
 -13.5 -4.5 4.5 13.5 
2
20
 -5.0 5.0 
2
20
 -13.5 13.5 
2
12
 -13.5 13.5 
6
12
5
12
10
12
5
12
10
12
10
12
12
20
 -13.5 -11.0 -8.6 -6.1 -3.7 -1.2 1.2 3.7 6.1 8.6 11.0 13.5 
4
20
 -13.5 -4.5 4.5 13.5 
2
20
 -10.0 10.0 
6
20
 -13.0 -7.8 -2.6 2.6 7.8 13.0 
6
20
 -13.0 -7.8 -2.6 2.6 7.8 13.0 
6
20
 -13.0 -7.8 -2.6 2.6 7.8 13.0 
4
20
 -13.5 -4.5 4.5 13.5 
2
20
 -5.0 5.0 
2
20
 -13.5 13.5 
2
12
 -13.5 13.5 
6
12
5
12
10
12
5
12
10
12
10
12
9
12
6
12
