         2
n4_1200.39
*

         1
        20
         0         0         0         0
         0      1250        25      1225
      1350
         4
    75.500   166.500   233.500   324.500
         0
         0
       200       200
         1
        10
        20       170
        10       173
        10       173
        10       173
        35       220
       365       220
       390       173
       390       173
       390       173
       380       170

         0         0         0         0
         8
         2         2         2         2         2         2         2         2
     6.786     5.655    11.310     5.655    11.310    11.310    10.179     6.786
         4       168        33       168         9       160        33       158        33       168        63       168        33       158        63       157        88       168   105.500       168        88       157   105.500       157   105.500       157       120       157   105.500       168       120       168
         0

         3
         0       625      1250
         2        12         2        12
         4         9
         1         0
        13
        60         0        60       154         6       158         1       170         0       173         0       173        10       173        10       173        20       170       120       170       120       155        91       155        91         0
         0

         8
    12.566       -40        35    84.300    10.700
     6.283       -40       115     4.300    10.700
     6.283       -40   108.500     4.600    17.400
     6.283        45       190     7.600    17.400
     6.283       110       260     9.300    10.700
    12.566       200       350     9.300    10.700
     6.283       315       460     7.600    17.400
     6.283       420       565     7.600    17.400
         1
  1292.500     1.005        15
         9
       -45      1295         4    37.699
        35      1215    10.700    12.566
       115      1135    10.700     6.283
   108.500  1141.500    17.400     6.283
       190      1060    17.400     6.283
       260       990    10.700     6.283
       350       900    10.700    12.566
       460       790    17.400     6.283
       565       685    17.400     6.283
         1
       -45      1295         6     2.262

         6
         2         2         2         2         2         2
    10.179     6.786    11.310    11.310    11.310     5.655
       120       157   134.500       157       120       168   134.500       168   134.500       168       152       168   134.500       157       152       157       179       168       197       168       179       157       197       160
         0

         3
         0       625      1250
         2         7         2         7
         0         1
         8
       149         0       149       155       120       155       120       170       200       170       200       158       182       154       182         0
         0

         8
    12.566       -40        35    84.300    10.700
     6.283       -40       115     4.300    10.700
     6.283       -40   108.500     4.600    17.400
     6.283        45       190     7.600    17.400
     6.283       110       260     9.300    10.700
    12.566       200       350     9.300    10.700
     6.283       315       460     7.600    17.400
     6.283       420       565     7.600    17.400
         1
  1292.500     1.005        15
         9
       -45      1295         4    37.699
        35      1215    10.700    12.566
       115      1135    10.700     6.283
   108.500  1141.500    17.400     6.283
       190      1060    17.400     6.283
       260       990    10.700     6.283
       350       900    10.700    12.566
       460       790    17.400     6.283
       565       685    17.400     6.283
         1
       -45      1295         6     2.262

         6
         2         2         2         2         2         2
    10.179     6.786    11.310    11.310    11.310     5.655
   263.500       157       278       157   263.500       168       278       168       246       168   263.500       168       246       157   263.500       157       203       168       221       168       203       160       221       157
         0

         3
         0       625      1250
         2         7         2         7
         1         0
         8
       218         0       218       154       200       158       200       170       278       170       278       155       249       155       249         0
         0

         8
    12.566       -40        35    84.300    10.700
     6.283       -40       115     4.300    10.700
     6.283       -40   108.500     4.600    17.400
     6.283        45       190     7.600    17.400
     6.283       110       260     9.300    10.700
    12.566       200       350     9.300    10.700
     6.283       315       460     7.600    17.400
     6.283       420       565     7.600    17.400
         1
  1292.500     1.005        15
         9
       -45      1295         4    37.699
        35      1215    10.700    12.566
       115      1135    10.700     6.283
   108.500  1141.500    17.400     6.283
       190      1060    17.400     6.283
       260       990    10.700     6.283
       350       900    10.700    12.566
       460       790    17.400     6.283
       565       685    17.400     6.283
         1
       -45      1295         6     2.262
         0         0         0         0
         8
         2         2         2         2         2         2         2         2
     6.786     5.655    11.310     5.655    11.310    11.310    10.179     6.786
       367       168       396       168       367       158       391       160       337       168       367       168       337       157       367       158   294.500       168       312       168   294.500       157       312       157       280       157   294.500       157       280       168   294.500       168
         0

         3
         0       625      1250
         2        12         2        12
         5        10
         0         1
        13
       309         0       309       155       280       155       280       170       380       170       390       173       390       173       400       173       400       173       399       170       394       158       340       154       340         0
         0

         8
    12.566       -40        35    84.300    10.700
     6.283       -40       115     4.300    10.700
     6.283       -40   108.500     4.600    17.400
     6.283        45       190     7.600    17.400
     6.283       110       260     9.300    10.700
    12.566       200       350     9.300    10.700
     6.283       315       460     7.600    17.400
     6.283       420       565     7.600    17.400
         1
  1292.500     1.005        15
         9
       -45      1295         4    37.699
        35      1215    10.700    12.566
       115      1135    10.700     6.283
   108.500  1141.500    17.400     6.283
       190      1060    17.400     6.283
       260       990    10.700     6.283
       350       900    10.700    12.566
       460       790    17.400     6.283
       565       685    17.400     6.283
         1
       -45      1295         6     2.262
         1
3
40
 -13.5 0.0 13.5 
1
40
 0.0 
2
20
 -13.5 13.5 
2
20
 -13.5 13.5 
2
20
 -6.8 6.8 
2
20
 -13.5 13.5 
1
40
 0.0 
2
20
 -6.8 6.8 
2
20
 -3.4 3.4 
2
12
 -13.5 13.5 
6
12
5
12
10
12
5
12
10
12
10
12
9
12
6
12
3
40
 -13.5 0.0 13.5 
1
40
 0.0 
2
20
 -13.5 13.5 
2
20
 -13.5 13.5 
2
20
 -6.8 6.8 
2
20
 -13.5 13.5 
1
40
 0.0 
2
20
 -6.8 6.8 
2
20
 -3.4 3.4 
2
12
 -13.5 13.5 
6
12
5
12
10
12
5
12
10
12
10
12
3
40
 -13.5 0.0 13.5 
1
40
 0.0 
2
20
 -13.5 13.5 
2
20
 -13.5 13.5 
2
20
 -6.8 6.8 
2
20
 -13.5 13.5 
1
40
 0.0 
2
20
 -6.8 6.8 
2
20
 -3.4 3.4 
2
12
 -13.5 13.5 
6
12
5
12
10
12
5
12
10
12
10
12
3
40
 -13.5 0.0 13.5 
1
40
 0.0 
2
20
 -13.5 13.5 
2
20
 -13.5 13.5 
2
20
 -6.8 6.8 
2
20
 -13.5 13.5 
1
40
 0.0 
2
20
 -6.8 6.8 
2
20
 -3.4 3.4 
2
12
 -13.5 13.5 
6
12
5
12
10
12
5
12
10
12
10
12
9
12
6
12
