         2
n4_1280.39
*

         1
        20
         0         0         0         0
         0      1330        25      1305
      1430
         4
    75.500   166.500   233.500   324.500
         0
         0
       200       200
         1
        10
        20       170
        10       200
        10       200
        10       200
        35       220
       365       220
       390       200
       390       200
       390       200
       380       170

         0         0         0         0
         8
         2         2         2         2         2         2         2         2
     6.786     5.655    11.310     5.655    11.310    11.310    10.179     6.786
         7       168        33       168         9       160        33       158        33       168        63       168        33       158        63       157        88       168   105.500       168        88       157   105.500       157   105.500       157       120       157   105.500       168       120       168
         0

         3
         0       665      1330
         2        12         2        12
         4         9
         1         0
        13
        60         0        60       154         6       158         4       170         0       200         0       200        10       200        10       200        20       170       120       170       120       155        91       155        91         0
         0

        10
    12.566       -45        15    99.300    10.700
     6.283       -45        65    49.300    10.700
     6.283       -46    58.500    48.600    17.400
    12.566       -10       135     7.600    17.400
     6.283        80       225    14.300    10.700
     6.283       140       295     4.300    10.700
     6.283       250       405     4.300    10.700
     6.283   253.500   398.500     7.600    17.400
     6.283       360       505     7.600    17.400
     6.283       470       615     7.600    17.400
         1
  1377.500     1.005        15
        11
       -45      1375         4    37.699
        15      1315    10.700    12.566
        65      1265    10.700     6.283
    58.500  1271.500    17.400     6.283
       135      1195    17.400    12.566
       225      1105    10.700     6.283
       295      1035    10.700     6.283
       405       925    10.700     6.283
   398.500   931.500    17.400     6.283
       505       825    17.400     6.283
       615       715    17.400     6.283
         1
       -45      1375         6     2.262

         6
         2         2         2         2         2         2
    10.179     6.786    11.310    11.310    11.310     5.655
       120       157   134.500       157       120       168   134.500       168   134.500       168       152       168   134.500       157       152       157       179       168       197       168       179       157       197       160
         0

         3
         0       665      1330
         2         7         2         7
         0         1
         8
       149         0       149       155       120       155       120       170       200       170       200       158       182       154       182         0
         0

        10
    12.566       -45        15    99.300    10.700
     6.283       -45        65    49.300    10.700
     6.283       -46    58.500    48.600    17.400
    12.566       -10       135     7.600    17.400
     6.283        80       225    14.300    10.700
     6.283       140       295     4.300    10.700
     6.283       250       405     4.300    10.700
     6.283   253.500   398.500     7.600    17.400
     6.283       360       505     7.600    17.400
     6.283       470       615     7.600    17.400
         1
  1377.500     1.005        15
        11
       -45      1375         4    37.699
        15      1315    10.700    12.566
        65      1265    10.700     6.283
    58.500  1271.500    17.400     6.283
       135      1195    17.400    12.566
       225      1105    10.700     6.283
       295      1035    10.700     6.283
       405       925    10.700     6.283
   398.500   931.500    17.400     6.283
       505       825    17.400     6.283
       615       715    17.400     6.283
         1
       -45      1375         6     2.262

         6
         2         2         2         2         2         2
    10.179     6.786    11.310    11.310    11.310     5.655
   263.500       157       278       157   263.500       168       278       168       246       168   263.500       168       246       157   263.500       157       203       168       221       168       203       160       221       157
         0

         3
         0       665      1330
         2         7         2         7
         1         0
         8
       218         0       218       154       200       158       200       170       278       170       278       155       249       155       249         0
         0

        10
    12.566       -45        15    99.300    10.700
     6.283       -45        65    49.300    10.700
     6.283       -46    58.500    48.600    17.400
    12.566       -10       135     7.600    17.400
     6.283        80       225    14.300    10.700
     6.283       140       295     4.300    10.700
     6.283       250       405     4.300    10.700
     6.283   253.500   398.500     7.600    17.400
     6.283       360       505     7.600    17.400
     6.283       470       615     7.600    17.400
         1
  1377.500     1.005        15
        11
       -45      1375         4    37.699
        15      1315    10.700    12.566
        65      1265    10.700     6.283
    58.500  1271.500    17.400     6.283
       135      1195    17.400    12.566
       225      1105    10.700     6.283
       295      1035    10.700     6.283
       405       925    10.700     6.283
   398.500   931.500    17.400     6.283
       505       825    17.400     6.283
       615       715    17.400     6.283
         1
       -45      1375         6     2.262
         0         0         0         0
         8
         2         2         2         2         2         2         2         2
     6.786     5.655    11.310     5.655    11.310    11.310    10.179     6.786
       367       168       393       168       367       158       391       160       337       168       367       168       337       157       367       158   294.500       168       312       168   294.500       157       312       157       280       157   294.500       157       280       168   294.500       168
         0

         3
         0       665      1330
         2        12         2        12
         5        10
         0         1
        13
       309         0       309       155       280       155       280       170       380       170       390       200       390       200       400       200       400       200       396       170       394       158       340       154       340         0
         0

        10
    12.566       -45        15    99.300    10.700
     6.283       -45        65    49.300    10.700
     6.283       -46    58.500    48.600    17.400
    12.566       -10       135     7.600    17.400
     6.283        80       225    14.300    10.700
     6.283       140       295     4.300    10.700
     6.283       250       405     4.300    10.700
     6.283   253.500   398.500     7.600    17.400
     6.283       360       505     7.600    17.400
     6.283       470       615     7.600    17.400
         1
  1377.500     1.005        15
        11
       -45      1375         4    37.699
        15      1315    10.700    12.566
        65      1265    10.700     6.283
    58.500  1271.500    17.400     6.283
       135      1195    17.400    12.566
       225      1105    10.700     6.283
       295      1035    10.700     6.283
       405       925    10.700     6.283
   398.500   931.500    17.400     6.283
       505       825    17.400     6.283
       615       715    17.400     6.283
         1
       -45      1375         6     2.262
         1
3
40
 -13.5 0.0 13.5 
1
40
 0.0 
2
20
 -13.5 13.5 
2
20
 -13.5 13.5 
1
40
 0.0 
2
20
 -6.8 6.8 
2
20
 -13.5 13.5 
2
20
 -6.8 6.8 
2
20
 -13.5 13.5 
2
20
 -6.8 6.8 
2
20
 -5.0 5.0 
2
12
 -13.5 13.5 
6
12
5
12
10
12
5
12
10
12
10
12
9
12
6
12
3
40
 -13.5 0.0 13.5 
1
40
 0.0 
2
20
 -13.5 13.5 
2
20
 -13.5 13.5 
1
40
 0.0 
2
20
 -6.8 6.8 
2
20
 -13.5 13.5 
2
20
 -6.8 6.8 
2
20
 -13.5 13.5 
2
20
 -6.8 6.8 
2
20
 -5.0 5.0 
2
12
 -13.5 13.5 
6
12
5
12
10
12
5
12
10
12
10
12
3
40
 -13.5 0.0 13.5 
1
40
 0.0 
2
20
 -13.5 13.5 
2
20
 -13.5 13.5 
1
40
 0.0 
2
20
 -6.8 6.8 
2
20
 -13.5 13.5 
2
20
 -6.8 6.8 
2
20
 -13.5 13.5 
2
20
 -6.8 6.8 
2
20
 -5.0 5.0 
2
12
 -13.5 13.5 
6
12
5
12
10
12
5
12
10
12
10
12
3
40
 -13.5 0.0 13.5 
1
40
 0.0 
2
20
 -13.5 13.5 
2
20
 -13.5 13.5 
1
40
 0.0 
2
20
 -6.8 6.8 
2
20
 -13.5 13.5 
2
20
 -6.8 6.8 
2
20
 -13.5 13.5 
2
20
 -6.8 6.8 
2
20
 -5.0 5.0 
2
12
 -13.5 13.5 
6
12
5
12
10
12
5
12
10
12
10
12
9
12
6
12
