2
C•™Ê®Æ≠≠Î• Ø‡Æ´•‚≠Î• ·‚‡Æ•≠®Ô ãÖçíêÄçëåéëíèêéÖäíÄ 1940£.  à≠¢.0206
è‡Æ´•‚ ¢ ·¢•‚„ 4.0¨    n5_0400.25
  1.000
 20.000
  0.000
  0.000
  0.000
  0.000
  0.000
434.000
 17.000
417.000
500.000
  5.000
 49.000
124.000
200.000
276.000
351.000
  0.000
  0.000
200.000
200.000
  1.000
  6.000
 15.000
 70.000
 10.000
105.000
 10.000
120.000
390.000
120.000
390.000
105.000
385.000
 70.000
  0.000
  0.000
  0.000
  0.000
  2.000
  2.000
  2.000
  3.920
  3.920
  3.000
 67.500
 83.000
 67.500
  3.000
 57.500
 83.000
 57.500
  0.000
  3.000
  0.000
217.000
434.000
  2.000
 10.000
  2.000
 10.000
  4.000
  7.000
  1.000
  1.000
 11.000
 36.000
  0.000
 36.000
 55.000
  0.000
 55.000
  0.000
 70.000
  0.000
105.000
 10.000
105.000
 15.000
 70.000
 86.000
 70.000
 86.000
 55.000
 62.000
 55.000
 62.000
  0.000
  0.000
  4.000
  4.540
-25.000
 37.000
  3.500
  4.000
  4.540
 22.000
 77.000
  3.500
  9.000
  4.540
 72.000
127.000
  3.500
  9.000
  2.270
112.000
167.000
  3.500
  9.000
  1.000
480.000
  1.000
 20.000
  5.000
-32.000
466.000
  4.000
  6.810
 37.000
397.000
  4.000
  4.540
 77.000
357.000
  9.000
  4.540
127.000
307.000
  9.000
  4.540
167.000
267.000
  9.000
  2.270
  1.000
-32.000
466.000
  3.500
  1.570
  2.000
  2.000
  2.000
  3.920
  3.920
 89.000
 67.500
159.000
 67.500
 89.000
 57.500
159.000
 57.500
  0.000
  3.000
  0.000
217.000
434.000
  2.000
  7.000
  2.000
  7.000
  1.000
  1.000
  8.000
110.000
  0.000
110.000
 55.000
 86.000
 55.000
 86.000
 70.000
162.000
 70.000
162.000
 55.000
138.000
 55.000
138.000
  0.000
  0.000
  3.000
  7.600
-25.000
 37.000
  3.500
  4.100
  7.600
 22.000
 77.000
  3.500
  9.300
  7.600
 72.000
127.000
  3.500
  9.300
  1.000
480.000
  2.000
 20.000
  4.000
-32.000
466.000
  4.100
 11.400
 37.000
397.000
  4.100
  7.600
 77.000
357.000
  9.300
  7.600
127.000
307.000
  9.300
  7.600
  1.000
-32.000
466.000
  3.500
  2.320
  2.000
  2.000
  2.000
  3.920
  3.920
165.000
 67.500
235.000
 67.500
165.000
 57.500
235.000
 57.500
  0.000
  3.000
  0.000
217.000
434.000
  2.000
  7.000
  2.000
  7.000
  1.000
  1.000
  8.000
186.000
  0.000
186.000
 55.000
162.000
 55.000
162.000
 70.000
238.000
 70.000
238.000
 55.000
214.000
 55.000
214.000
  0.000
  0.000
  3.000
  7.600
-25.000
 37.000
  3.500
  4.100
  7.600
 22.000
 77.000
  3.500
  9.300
  7.600
 72.000
127.000
  3.500
  9.300
  1.000
480.000
  2.000
 20.000
  4.000
-32.000
466.000
  4.100
 11.400
 37.000
397.000
  4.100
  7.600
 77.000
357.000
  9.300
  7.600
127.000
307.000
  9.300
  7.600
  1.000
-32.000
466.000
  3.500
  2.320
  2.000
  2.000
  2.000
  3.920
  3.920
241.000
 67.500
311.000
 67.500
241.000
 57.500
311.000
 57.500
  0.000
  3.000
  0.000
217.000
434.000
  2.000
  7.000
  2.000
  7.000
  1.000
  1.000
  8.000
262.000
  0.000
262.000
 55.000
238.000
 55.000
238.000
 70.000
314.000
 70.000
314.000
 55.000
290.000
 55.000
290.000
  0.000
  0.000
  3.000
  7.600
-25.000
 37.000
  3.500
  4.100
  7.600
 22.000
 77.000
  3.500
  9.300
  7.600
 72.000
127.000
  3.500
  9.300
  1.000
480.000
  2.000
 20.000
  4.000
-32.000
466.000
  4.100
 11.400
 37.000
397.000
  4.100
  7.600
 77.000
357.000
  9.300
  7.600
127.000
307.000
  9.300
  7.600
  1.000
-32.000
466.000
  3.500
  2.320
  0.000
400.000
  0.000
400.000
  2.000
  2.000
  2.000
  3.920
  3.920
317.000
 67.500
397.000
 67.500
317.000
 57.500
397.000
 57.500
  0.000
  3.000
  0.000
217.000
434.000
  2.000
 10.000
  2.000
 10.000
  5.000
  8.000
  1.000
  1.000
 11.000
338.000
  0.000
338.000
 55.000
314.000
 55.000
314.000
 70.000
385.000
 70.000
390.000
105.000
400.000
105.000
400.000
 70.000
400.000
 55.000
364.000
 55.000
364.000
  0.000
  0.000
  4.000
  4.540
-25.000
 37.000
  3.500
  4.000
  4.540
 22.000
 77.000
  3.500
  9.000
  4.540
 72.000
127.000
  3.500
  9.000
  2.270
112.000
167.000
  3.500
  9.000
  1.000
480.000
  1.000
 20.000
  5.000
-32.000
466.000
  4.000
  6.810
 37.000
397.000
  4.000
  4.540
 77.000
357.000
  9.000
  4.540
127.000
307.000
  9.000
  4.540
167.000
267.000
  9.000
  4.540
  1.000
-32.000
466.000
  3.500
  1.570
  1.000
3
19
 -11.0 0.0 11.0 
2
19
 -5.5 5.5 
2
19
 -11.0 11.0 
2
19
 -5.5 5.5 
1
19
 0.0 
2
10
 -11.0 11.0 
5
10
5
10
3
19
 -11.0 0.0 11.0 
2
19
 -5.5 5.5 
2
19
 -11.0 11.0 
2
19
 -5.5 5.5 
2
10
 -11.0 11.0 
5
10
5
10
3
19
 -11.0 0.0 11.0 
2
19
 -5.5 5.5 
2
19
 -11.0 11.0 
2
19
 -5.5 5.5 
2
10
 -11.0 11.0 
5
10
5
10
3
19
 -11.0 0.0 11.0 
2
19
 -5.5 5.5 
2
19
 -11.0 11.0 
2
19
 -5.5 5.5 
2
10
 -11.0 11.0 
5
10
5
10
3
19
 -11.0 0.0 11.0 
2
19
 -5.5 5.5 
2
19
 -11.0 11.0 
2
19
 -5.5 5.5 
1
19
 0.0 
2
10
 -11.0 11.0 
5
10
5
10
