2
Cекционные пролетные строения ЛЕНТРАНСМОСТПРОЕКТА 1940г.  Инв.0206
Пролет в свету 4.0м    n5_0427.25 (сделан из n5_0400.25)
  2.000
 20.000
  0.000
  0.000
  0.000
  0.000
  0.000
456.000
 14.000
442.000
515.000
  5.000
 49.000
124.000
200.000
276.000
351.000
  0.000
  0.000
200.000
200.000
  1.000
  6.000
 15.000
 70.000
 10.000
105.000
 40.000
120.000
360.000
120.000
390.000
105.000
385.000
 70.000
  0.000
  0.000
  0.000
  0.000
  2.000
  2.000
  2.000
  3.920
  3.920
  3.000
 67.500
 83.000
 67.500
  3.000
 57.500
 83.000
 57.500
  0.000
  3.000
  0.000
217.000
434.000
  2.000
 10.000
  2.000
 10.000
  4.000
  7.000
  1.000
  1.000
 11.000
 36.000
  0.000
 36.000
 55.000
  0.000
 55.000
  0.000
 70.000
  0.000
105.000
 10.000
105.000
 15.000
 70.000
 86.000
 70.000
 86.000
 55.000
 62.000
 55.000
 62.000
  0.000
  0.000
  4.000
  4.540
-25.000
 39.000
  3.500
  4.000
  4.540
 23.000
 65.000
  3.500
  9.000
  4.540
 75.600
117.000
  3.500
  9.000
  2.270
117.000
160.000
  3.500
  9.000
  1.000
500.000
  1.000
 20.000
  5.000
-28.000
484.000
  4.000
  7.510
 39.000
417.000
  4.000
  5.010
 81.000
375.000
  9.000
  5.010
133.000
323.000
  9.000
  5.010
175.000
281.000
  9.000
  2.500
  1.000
-28.000
484.000
  3.500
  1.730
  2.000
  2.000
  2.000
  3.920
  3.920
 89.000
 67.500
159.000
 67.500
 89.000
 57.500
159.000
 57.500
  0.000
  3.000
  0.000
217.000
434.000
  2.000
  7.000
  2.000
  7.000
  1.000
  1.000
  8.000
110.000
  0.000
110.000
 55.000
 86.000
 55.000
 86.000
 70.000
162.000
 70.000
162.000
 55.000
138.000
 55.000
138.000
  0.000
  0.000
  3.000
  7.600
-27.000
 41.000
  3.500
  4.100
  7.600
 24.000
 85.000
  3.500
  9.300
  7.600
 80.000
140.000
  3.500
  9.300
  1.000
500.000
  2.000
 20.000
  4.000
-28.000
484.000
  4.100
 12.560
 39.000
417.000
  4.100
  8.390
 81.000
375.000
  9.300
  8.390
133.000
323.000
  9.300
  8.390
  1.000
-28.000
484.000
  3.500
  2.560
  2.000
  2.000
  2.000
  3.920
  3.920
165.000
 67.500
235.000
 67.500
165.000
 57.500
235.000
 57.500
  0.000
  3.000
  0.000
217.000
434.000
  2.000
  7.000
  2.000
  7.000
  1.000
  1.000
  8.000
186.000
  0.000
186.000
 55.000
162.000
 55.000
162.000
 70.000
238.000
 70.000
238.000
 55.000
214.000
 55.000
214.000
  0.000
  0.000
  3.000
  7.600
-26.000
 39.000
  3.500
  4.100
  7.600
 23.000
 81.000
  3.500
  9.300
  7.600
 76.000
133.000
  3.500
  9.300
  1.000
500.000
  2.000
 20.000
  4.000
-28.000
484.000
  4.100
 12.560
 39.000
417.000
  4.100
  8.390
 81.000
375.000
  9.300
  8.390
133.000
323.000
  9.300
  8.390
  1.000
-28.000
484.000
  3.500
  2.560
  2.000
  2.000
  2.000
  3.920
  3.920
241.000
 67.500
311.000
 67.500
241.000
 57.500
311.000
 57.500
  0.000
  3.000
  0.000
217.000
434.000
  2.000
  7.000
  2.000
  7.000
  1.000
  1.000
  8.000
262.000
  0.000
262.000
 55.000
238.000
 55.000
238.000
 70.000
314.000
 70.000
314.000
 55.000
290.000
 55.000
290.000
  0.000
  0.000
  3.000
  7.600
-26.000
 39.000
  3.500
  4.100
  7.600
 23.000
 81.000
  3.500
  9.300
  7.600
 75.000
133.000
  3.500
  9.300
  1.000
500.000
  2.000
 20.000
  4.000
-28.000
484.000
  4.100
 12.560
 39.000
417.000
  4.100
  8.390
 81.000
375.000
  9.300
  8.390
134.000
322.000
  9.300
  8.390
  1.000
-28.000
484.000
  3.500
  2.560
  0.000
400.000
  0.000
400.000
  2.000
  2.000
  2.000
  3.920
  3.920
317.000
 67.500
397.000
 67.500
317.000
 57.500
397.000
 57.500
  0.000
  3.000
  0.000
217.000
434.000
  2.000
 10.000
  2.000
 10.000
  5.000
  8.000
  1.000
  1.000
 11.000
338.000
  0.000
338.000
 55.000
314.000
 55.000
314.000
 70.000
385.000
 70.000
390.000
105.000
400.000
105.000
400.000
 70.000
400.000
 55.000
364.000
 55.000
364.000
  0.000
  0.000
  4.000
  4.540
-26.000
 39.000
  3.500
  4.000
  4.540
 23.000
 81.000
  3.500
  9.000
  4.540
 76.000
134.000
  3.500
  9.000
  2.270
117.000
175.000
  3.500
  9.000
  1.000
500.000
  1.000
 20.000
  5.000
-28.000
484.000
  4.000
  7.510
 39.000
417.000
  4.000
  5.010
 81.000
375.000
  9.000
  5.010
134.000
322.000
  9.000
  5.010
175.000
281.000
  9.000
  5.010
  1.000
-28.000
484.000
  3.500
  1.730
  1.000
3
19
 -11.0 0.0 11.0 
2
19
 -5.5 5.5 
2
19
 -11.0 11.0 
2
19
 -5.5 5.5 
1
19
 0.0 
3
10
 -11.0 0.0 11.0 
5
10
5
10
3
19
 -11.0 0.0 11.0 
2
19
 -5.5 5.5 
2
19
 -11.0 11.0 
2
19
 -5.5 5.5 
3
10
 -11.0 0.0 11.0 
5
10
5
10
3
19
 -11.0 0.0 11.0 
2
19
 -5.5 5.5 
2
19
 -11.0 11.0 
2
19
 -5.5 5.5 
3
10
 -11.0 0.0 11.0 
5
10
5
10
3
19
 -11.0 0.0 11.0 
2
19
 -5.5 5.5 
2
19
 -11.0 11.0 
2
19
 -5.5 5.5 
3
10
 -11.0 0.0 11.0 
5
10
5
10
3
19
 -11.0 0.0 11.0 
2
19
 -5.5 5.5 
2
19
 -11.0 11.0 
2
19
 -5.5 5.5 
1
19
 0.0 
3
10
 -11.0 0.0 11.0 
5
10
5
10
