3
Пролетные строения индивидуальной проектировки 
мостиспытательной станции ЗСЖД, 1979 год
*
  1.000
 35.000
  0.000
  0.000
  0.000
  0.000
  0.000
134.667
 13.833
120.833
190.000
  2.000
104.500
313.500
  0.000
  0.000
209.000
209.000
  0.000
 10.000
 20.000
 40.000
 12.000
 75.000
 12.000
 76.000
 12.000
 76.000
 27.000
 90.000
391.000
 90.000
406.000
 76.000
406.000
 76.000
406.000
 75.000
398.000
 40.000
  0.000
  0.000
  0.000
  0.000
  0.000
  0.000
  3.000
  0.000
 67.333
134.667
  2.000
  7.000
  2.000
  7.000
  2.000
  6.000
  1.000
  1.000
  8.000
  0.000
  0.000
  0.000
 40.000
  0.000
 76.000
 12.000
 76.000
 12.000
 75.000
 20.000
 40.000
209.000
 40.000
209.000
  0.000
  0.000
  0.000
  1.000
180.000
  5.027
 20.000
  2.000
-26.000
160.667
  2.600
 20.106
-26.000
160.667
 11.900
38.170
  1.000
-26.000
160.667
  2.600
 20.106
  0.000
  0.000
  0.000
  0.000
  0.000
  0.000
  3.000
  0.000
 67.333
134.667
  2.000
  7.000
  2.000
  7.000
  3.000
  7.000
  1.000
  1.000
  8.000
209.000
  0.000
209.000
 40.000
398.000
 40.000
406.000
 75.000
406.000
 76.000
418.000
 76.000
418.000
 40.000
418.000
  0.000
  0.000
  0.000
  1.000
180.000
  5.027
 20.000
  2.000
-26.000
160.667
  2.600
 20.106
-26.000
160.667
 11.900
38.70
  1.000
-26.000
160.667
  2.600
 20.106
  1.000
10
16
 -102.2 -79.5 -56.8 -34.0 -11.3 11.3 34.0 56.8 79.5 102.2 
15
18
 -102.2 -87.6 -73.0 -58.4 -43.8 -29.2 -14.6 0.0 14.6 29.2 43.8 58.4 73.0 87.6 102.2 
10
16
 -102.2 -79.5 -56.8 -34.0 -11.3 11.3 34.0 56.8 79.5 102.2 
10
16
 -102.2 -79.5 -56.8 -34.0 -11.3 11.3 34.0 56.8 79.5 102.2 
15
18
 -102.2 -87.6 -73.0 -58.4 -43.8 -29.2 -14.6 0.0 14.6 29.2 43.8 58.4 73.0 87.6 102.2 
10
16
 -102.2 -79.5 -56.8 -34.0 -11.3 11.3 34.0 56.8 79.5 102.2 
