3
Плитное пролетное строение,
индивидуальная проектировка,
дорожная мостостанция З.С.ж.д.1979г.
1
35
0
0
0
0
  0    458.000
15.500      442.500
520.000
2
  104  313
0
0
208
208
0
10
20  40
12  75
12  75
12  75
39  90
379  90
406  75
406  75
406  75
398  40
0  0  0  0
0
 
 
 0
 3
 0  229.000  458.000
2 7 2 7 2 6 1 1
8
0 0
0 40
0 75
12 75
12 75
20 40
209 40
209 0
0
0
1
  510 0.503 20
2
  -26 484 2.600 20.106
  -26 484 11.900 381.704
1
  -26 484 2.600 20.106
0  0  0  0
0
 
 
 0
 3
 0  229.000  458.000
2 7 2 7 3 7 1 1
8
209 0
209 40
398 40
406 75
406 75
418 75
418 40
418 0
0
0
1
  510 0.503 20
2
  -26 484 2.600 20.106
  -26 484 11.900 381.704
1
  -26 484 2.600 20.106
1
10
16.000
  -90.000 -70.000 -50.000 -30.000 -10.000 10.000 30.000 50.000 70.000 90.000
6
90.000
  -75.000 -45.000 -15.000 15.000 45.000 75.000
10
16.000
  -90.000 -70.000 -50.000 -30.000 -10.000 10.000 30.000 50.000 70.000 90.000
10
16.000
  -90.000 -70.000 -50.000 -30.000 -10.000 10.000 30.000 50.000 70.000 90.000
6
90.000
  -75.000 -45.000 -15.000 15.000 45.000 75.000
10
16.000
  -90.000 -70.000 -50.000 -30.000 -10.000 10.000 30.000 50.000 70.000 90.000
