3
ПЛИТНОЕ  ДВУХБЛОЧНОЕ  Ж.Б.П.С.  ПОД НАГРУЗКУ  С14  Инв. N 557/1
Lo = 500 см.   Lп = 600 см.
s1_0500.64
  1.000
 40.000
  1.000
  0.000
  1.000
  0.000
  0.000
533.333
 16.667
516.667
600.000
  2.000
133.500
284.500
  0.000
  0.000
209.000
209.000
  0.000
 10.000
 20.000
 45.000
 10.000
 80.000
 10.000
 80.000
 10.000
 80.000
 49.000
 95.000
369.000
 95.000
408.000
 80.000
408.000
 80.000
408.000
 80.000
398.000
 45.000
  0.000
  0.000
  0.000
  0.000
  2.000
  2.000
  2.000
  2.513
 11.310
  3.000
 32.600
 80.000
 29.900
  3.000
 42.400
 80.000
 42.400
  0.000
  3.000
  0.000
266.667
533.333
  2.000
 12.000
  3.000
 12.000
  5.000
 10.000
  1.000
  1.000
 13.000
 78.000
  0.000
 78.000
 13.000
 58.000
 28.000
  0.000
 30.000
  0.000
 45.000
  0.000
 80.000
  0.000
 80.000
 10.000
 80.000
 10.000
 80.000
 20.000
 45.000
208.000
 45.000
208.000
 13.000
208.000
  0.000
  0.000
  8.000
 19.635
-29.000
 -2.000
 13.600
  4.400
 14.726
-15.000
 19.667
  5.600
  4.400
 14.726
  9.367
 41.667
  5.600
  7.100
  9.817
 34.367
 66.667
  5.600
  7.100
  9.817
 59.367
 91.667
  5.600
  7.100
  9.817
 89.367
121.667
  5.600
  7.100
  9.817
119.367
151.667
  5.600
  7.100
  9.817
149.367
181.667
  5.600
  7.100
  1.000
580.000
  6.283
 20.000
  9.000
-29.000
562.667
  4.400
 49.087
 -2.000
535.667
  4.400
 19.635
 19.667
513.667
  4.400
 14.726
 41.667
491.667
  7.100
 14.726
 66.667
466.667
  7.100
  9.817
 91.667
441.667
  7.100
  9.817
121.667
411.667
  7.100
  9.817
151.667
381.667
  7.100
  9.817
181.667
351.667
  7.100
  9.817
  1.000
-29.000
562.667
  5.700
  5.655
  0.000
  0.000
  0.000
  0.000
  2.000
  2.000
  2.000
  2.513
 11.310
338.000
 29.900
415.000
 32.600
338.000
 42.400
415.000
 42.400
  0.000
  3.000
  0.000
266.667
533.333
  2.000
 12.000
  2.000
 11.000
  4.000
  9.000
  1.000
  1.000
 13.000
210.000
  0.000
210.000
 13.000
210.000
 45.000
398.000
 45.000
408.000
 80.000
408.000
 80.000
418.000
 80.000
418.000
 80.000
418.000
 45.000
418.000
 30.000
360.000
 28.000
340.000
 13.000
340.000
  0.000
  0.000
  8.000
 19.635
-29.000
 -2.000
 13.600
  4.400
 14.726
-15.000
 19.667
  5.600
  4.400
 14.726
  9.367
 41.667
  5.600
  7.100
  9.817
 34.367
 66.667
  5.600
  7.100
  9.817
 59.367
 91.667
  5.600
  7.100
  9.817
 89.367
121.667
  5.600
  7.100
  9.817
119.367
151.667
  5.600
  7.100
  9.817
149.367
181.667
  5.600
  7.100
  1.000
580.000
  6.283
 20.000
  9.000
-29.000
562.667
  4.400
 49.087
 -2.000
535.667
  4.400
 19.635
 19.667
513.667
  4.400
 14.726
 41.667
491.667
  7.100
 14.726
 66.667
466.667
  7.100
  9.817
 91.667
441.667
  7.100
  9.817
121.667
411.667
  7.100
  9.817
151.667
381.667
  7.100
  9.817
181.667
351.667
  7.100
  9.817
  1.000
-29.000
562.667
  5.700
  5.655
  1.000
10
25
 -54.0 -42.0 -30.0 -18.0 -6.0 6.0 18.0 30.0 42.0 54.0 
4
25
 -52.5 -17.5 17.5 52.5 
3
25
 -45.0 0.0 45.0 
3
25
 -50.0 0.0 50.0 
2
25
 -20.0 20.0 
2
25
 -15.0 15.0 
2
25
 -10.0 10.0 
2
25
 -5.0 5.0 
2
25
 -2.5 2.5 
5
12
 -63.0 -31.5 0.0 31.5 63.0 
5
8
10
12
10
25
 -54.0 -42.0 -30.0 -18.0 -6.0 6.0 18.0 30.0 42.0 54.0 
4
25
 -52.5 -17.5 17.5 52.5 
3
25
 -45.0 0.0 45.0 
3
25
 -50.0 0.0 50.0 
2
25
 -20.0 20.0 
2
25
 -15.0 15.0 
2
25
 -10.0 10.0 
2
25
 -5.0 5.0 
2
25
 -2.5 2.5 
5
12
 -63.0 -31.5 0.0 31.5 63.0 
5
8
10
12
