3
ПЛИТНОЕ  ДВУХБЛОЧНОЕ  Ж.Б.П.С. ПОД НАГРУЗКУ  С-14  Инв. N 557/12
Lo = 600 см.    Lп = 730 см.
s1_0600.73
  1.000
 30.000
  1.000
  0.000
  1.000
  1.000
  0.000
643.333
 21.667
621.667
730.000
  2.000
133.500
284.500
  0.000
  0.000
209.000
209.000
  0.000
 10.000
 20.000
 55.000
 10.000
 90.000
 10.000
 90.000
 10.000
 90.000
 49.000
105.000
369.000
105.000
408.000
 90.000
408.000
 90.000
408.000
 90.000
398.000
 55.000
  0.000
  0.000
  0.000
  0.000
  2.000
  2.000
  2.000
  2.513
 11.310
  3.000
 42.400
 80.000
 39.700
  3.000
 52.400
 80.000
 52.400
  0.000
  3.000
  0.000
321.667
643.333
  2.000
 12.000
  3.000
 12.000
  5.000
 10.000
  1.000
  1.000
 13.000
 78.000
  0.000
 78.000
 23.000
 58.000
 38.000
  0.000
 40.000
  0.000
 55.000
  0.000
 90.000
  0.000
 90.000
 10.000
 90.000
 10.000
 90.000
 20.000
 55.000
208.000
 55.000
208.000
 23.000
208.000
  0.000
  0.000
  9.000
 16.085
-38.000
 -6.000
 18.300
  4.700
  8.042
 45.667
 89.667
  6.300
  4.700
  8.042
 80.667
124.667
  6.300
  4.700
 16.085
-20.000
 20.667
  6.300
  8.200
 16.085
 10.167
 50.667
  6.300
  8.200
  8.042
120.167
160.667
  6.300
  8.200
  8.042
160.167
200.667
  6.300
  8.200
  8.042
200.167
240.667
  6.300
  8.200
  8.042
230.167
270.667
  6.300
  8.200
  1.000
720.000
  6.283
 20.000
 10.000
-38.000
681.333
  4.700
 72.382
 -6.000
649.333
  4.700
 16.085
 89.667
553.666
  4.700
  8.042
124.667
518.666
  4.700
  8.042
 20.667
622.666
  8.200
 16.085
 50.667
592.666
  8.200
 16.085
160.667
482.666
  8.200
  8.042
200.667
442.666
  8.200
  8.042
240.667
402.666
  8.200
  8.042
270.667
372.666
  8.200
  8.042
  1.000
-38.000
681.333
  6.100
  4.524
  0.000
  0.000
  0.000
  0.000
  2.000
  2.000
  2.000
  2.513
 11.310
338.000
 39.700
415.000
 42.400
338.000
 52.400
415.000
 52.400
  0.000
  3.000
  0.000
321.667
643.333
  2.000
 12.000
  2.000
 11.000
  4.000
  9.000
  1.000
  1.000
 13.000
210.000
  0.000
210.000
 23.000
210.000
 55.000
398.000
 55.000
408.000
 90.000
408.000
 90.000
418.000
 90.000
418.000
 90.000
418.000
 55.000
418.000
 40.000
360.000
 38.000
340.000
 23.000
340.000
  0.000
  0.000
  9.000
 16.085
-38.000
 -6.000
 18.300
  4.700
  8.042
 45.667
 89.667
  6.300
  4.700
  8.042
 80.667
124.667
  6.300
  4.700
 16.085
-20.000
 20.667
  6.300
  8.200
 16.085
 10.167
 50.667
  6.300
  8.200
  8.042
120.167
160.667
  6.300
  8.200
  8.042
160.167
200.667
  6.300
  8.200
  8.042
200.167
240.667
  6.300
  8.200
  8.042
230.167
270.667
  6.300
  8.200
  1.000
720.000
  6.283
 20.000
 10.000
-38.000
681.333
  4.700
 72.382
 -6.000
649.333
  4.700
 16.085
 89.667
553.666
  4.700
  8.042
124.667
518.666
  4.700
  8.042
 20.667
622.666
  8.200
 16.085
 50.667
592.666
  8.200
 16.085
160.667
482.666
  8.200
  8.042
200.667
442.666
  8.200
  8.042
240.667
402.666
  8.200
  8.042
270.667
372.666
  8.200
  8.042
  1.000
-38.000
681.333
  6.100
  4.524
  1.000
9
32
 -52.8 -47.1 -31.4 -15.7 0.0 15.7 31.4 47.1 52.8 
2
32
 -50.0 50.0 
1
32
 20.0 
1
32
 -20.0 
2
32
 -53.0 53.0 
2
32
 -50.0 50.0 
1
32
 -30.0 
1
32
 30.0 
1
32
 10.0 
1
32
 -10.0 
9
8
 -62.8 -47.1 -31.4 -15.7 0.0 15.7 31.4 47.1 62.8 
5
8
10
12
9
32
 -52.8 -47.1 -31.4 -15.7 0.0 15.7 31.4 47.1 52.8 
2
32
 -50.0 50.0 
1
32
 20.0 
1
32
 -20.0 
2
32
 -53.0 53.0 
2
32
 -50.0 50.0 
1
32
 -30.0 
1
32
 30.0 
1
32
 10.0 
1
32
 -10.0 
9
8
 -62.8 -47.1 -31.4 -15.7 0.0 15.7 31.4 47.1 62.8 
5
8
10
12
