3
èãàíçéÖ  ÑÇìïÅãéóçéÖ  Ü.Å.è.ë.  èéÑ çÄÉêìáäì  ë-14  à≠¢. N 557/12
Lo = 213 ·¨.   LØ = 295 ·¨.
s1_0213.72d
  1.000
 30.000
  1.000
  0.000
  1.000
  1.000
  0.000
240.333
 13.667
226.667
295.000
  2.000
133.500
284.500
  0.000
  0.000
209.000
209.000
  0.000
 10.000
 20.000
 30.000
 10.000
 65.000
 10.000
 65.000
 10.000
 65.000
 49.000
 80.000
369.000
 80.000
408.000
 65.000
408.000
 65.000
408.000
 65.000
398.000
 30.000
  0.000
  0.000
  0.000
  0.000
  2.000
  2.000
  2.000
  2.513
 11.310
  3.000
 17.400
 80.000
 14.700
  3.000
 27.400
 80.000
 27.400
  0.000
  3.000
  0.000
120.167
240.333
  2.000
 12.000
  3.000
 12.000
  5.000
 10.000
  1.000
  1.000
 13.000
 78.000
  0.000
 58.000
 13.000
  0.000
 15.000
  0.000
 15.000
  0.000
 30.000
  0.000
 65.000
  0.000
 65.000
 10.000
 65.000
 10.000
 65.000
 20.000
 30.000
208.000
 30.000
208.000
 13.000
208.000
  0.000
  0.000
  4.000
 19.635
 -8.000
 11.667
  5.600
  4.400
 19.635
 11.667
 31.667
  5.600
  4.400
 19.635
 31.667
 51.667
  5.600
  4.400
 19.635
 53.667
 73.667
  5.600
  4.400
  1.000
280.000
  6.283
 20.000
  5.000
-22.000
262.667
  4.400
 49.087
 11.667
228.667
  4.400
 19.635
 31.667
208.667
  4.400
 19.635
 51.667
188.667
  4.400
 19.635
 73.667
166.667
  4.400
 19.635
  1.000
-22.000
262.667
  5.700
  2.513
  0.000
  0.000
  0.000
  0.000
  2.000
  2.000
  2.000
  2.513
 11.310
338.000
 14.700
415.000
 17.400
338.000
 27.400
415.000
 27.400
  0.000
  3.000
  0.000
120.167
240.333
  2.000
 12.000
  2.000
 11.000
  4.000
  9.000
  1.000
  1.000
 13.000
210.000
  0.000
210.000
 13.000
210.000
 30.000
398.000
 30.000
408.000
 65.000
408.000
 65.000
418.000
 65.000
418.000
 65.000
418.000
 30.000
418.000
 15.000
418.000
 15.000
360.000
 13.000
340.000
  0.000
  0.000
  4.000
 19.635
 -8.000
 11.667
  5.600
  4.400
 19.635
 11.667
 31.667
  5.600
  4.400
 19.635
 31.667
 51.667
  5.600
  4.400
 19.635
 53.667
 73.667
  5.600
  4.400
  1.000
280.000
  6.283
 20.000
  5.000
-22.000
262.667
  4.400
 49.087
 11.667
228.667
  4.400
 19.635
 31.667
208.667
  4.400
 19.635
 51.667
188.667
  4.400
 19.635
 73.667
166.667
  4.400
 19.635
  1.000
-22.000
262.667
  5.700
  2.513
  1.000
10
25
 -63.0 -49.0 -35.0 -21.0 -7.0 7.0 21.0 35.0 49.0 63.0 
4
25
 -60.0 -20.0 20.0 60.0 
4
25
 -54.0 -18.0 18.0 54.0 
4
25
 -48.0 -16.0 16.0 48.0 
4
25
 -42.0 -14.0 14.0 42.0 
5
8
 -63.0 -31.5 0.0 31.5 63.0 
5
8
10
12
10
25
 -63.0 -49.0 -35.0 -21.0 -7.0 7.0 21.0 35.0 49.0 63.0 
4
25
 -60.0 -20.0 20.0 60.0 
4
25
 -54.0 -18.0 18.0 54.0 
4
25
 -48.0 -16.0 16.0 48.0 
4
25
 -42.0 -14.0 14.0 42.0 
5
8
 -63.0 -31.5 0.0 31.5 63.0 
5
8
10
12
