3
èãàíçéÖ  Ü.Å.è.ë. èéÑ çÄÉêìáäì  ë14  à≠¢. N 557/I
Lo = 213 ·¨.    LØ = 295 ·¨.
s1_0213.63
  1.000
 30.000
  1.000
  0.000
  1.000
  0.000
  0.000
240.333
 13.667
226.667
295.000
  1.000
209.000
  0.000
  0.000
209.000
209.000
 10.000
 20.000
 30.000
 10.000
 65.000
 10.000
 65.000
 10.000
 65.000
 49.000
 80.000
369.000
 80.000
408.000
 65.000
408.000
 65.000
408.000
 65.000
398.000
 30.000
  0.000
  0.000
  0.000
  0.000
  4.000
  2.000
  2.000
  2.000
  2.000
  2.513
 11.310
  2.513
 11.310
  3.000
 17.600
 80.000
 14.900
  3.000
 27.400
 80.000
 27.400
338.000
 14.900
415.000
 17.600
338.000
 27.400
415.000
 27.400
  0.000
  3.000
  0.000
120.167
240.333
  2.000
 19.000
  3.000
 18.000
  5.000
 10.000
 11.000
 16.000
  1.000
  1.000
 20.000
 78.000
  0.000
 58.000
 13.000
  0.000
 15.000
  0.000
 15.000
  0.000
 30.000
  0.000
 65.000
  0.000
 65.000
 10.000
 65.000
 10.000
 65.000
 20.000
 30.000
398.000
 30.000
408.000
 65.000
408.000
 65.000
418.000
 65.000
418.000
 65.000
418.000
 30.000
418.000
 15.000
418.000
 15.000
360.000
 13.000
340.000
  0.000
  0.000
  4.000
 19.635
 -8.000
 11.667
  5.600
  4.400
  19.635
 11.667
 31.667
  5.600
  4.400
 19.635
 31.667
 51.667
  5.600
  4.400
 19.635
 53.667
 73.667
  5.600
  4.400
  1.000
280.000
 14.137
 20.000
  5.000
-24.000
264.333
  4.400
 49.087
 11.667
228.666
  4.400
 19.635
 31.667
208.666
  4.400
  19.635
 51.667
188.666
  4.400
 19.635
 73.667
166.666
  4.400
 19.635
  1.000
-24.000
264.333
  5.700
  5.655
  1.000
10
25
 -128.7 -100.1 -71.5 -42.9 -14.3 14.3 42.9 71.5 100.1 128.7 
4
25
 -120.0 -40.0 40.0 120.0 
4
25
 -90.0 -30.0 30.0 90.0 
4
25
 -105.0 -35.0 35.0 105.0 
4
25
 -75.0 -25.0 25.0 75.0 
5
12
 -129.0 -64.5 0.0 64.5 129.0 
5
8
10
12
5
8
10
12
