3
ПЛИТНОЕ  ДВУХБЛОЧНОЕ  Ж.Б.П.С.  ПОД НАГРУЗКУ  С14  Инв. N 557/1
Lo = 427 см.   Lп = 530 см.
s1_0427.64
  1.000
 40.000
  1.000
  0.000
  1.000
  0.000
  0.000
461.333
 17.167
444.167
530.000
  2.000
133.500
284.500
  0.000
  0.000
209.000
209.000
  0.000
 10.000
 20.000
 40.000
 10.000
 75.000
 10.000
 75.000
 10.000
 75.000
 49.000
 90.000
369.000
 90.000
408.000
 75.000
408.000
 75.000
408.000
 75.000
398.000
 40.000
  0.000
  0.000
  0.000
  0.000
  2.000
  2.000
  2.000
  2.513
 11.310
  3.000
 27.600
 80.000
 24.900
  3.000
 37.400
 80.000
 37.400
  0.000
  3.000
  0.000
230.667
461.333
  2.000
 12.000
  3.000
 12.000
  5.000
 10.000
  1.000
  1.000
 13.000
 78.000
  0.000
 78.000
  8.000
 58.000
 23.000
  0.000
 25.000
  0.000
 40.000
  0.000
 75.000
  0.000
 75.000
 10.000
 75.000
 10.000
 75.000
 20.000
 40.000
208.000
 40.000
208.000
  8.000
208.000
  0.000
  0.000
  9.000
  9.817
-30.000
 -5.000
 10.600
  4.400
  9.817
-19.000
 10.667
  5.600
  4.400
  9.817
 -3.000
 26.667
  5.600
  4.400
  9.817
 14.667
 44.667
  5.600
  4.400
 14.726
 32.367
 59.667
  5.600
  7.100
  9.817
 52.367
 79.667
  5.600
  7.100
  9.817
 72.367
 99.667
  5.600
  7.100
  9.817
 97.367
124.667
  5.600
  7.100
  9.817
122.367
149.667
  5.600
  7.100
  1.000
520.000
  6.283
 20.000
 10.000
-30.000
491.667
  4.400
 44.179
 -5.000
466.667
  4.400
  9.817
 10.667
450.667
  4.400
  9.817
 26.667
434.667
  4.400
  9.817
 44.667
416.667
  4.400
  9.817
 59.667
401.667
  7.100
 14.726
 79.667
381.667
  7.100
  9.817
 99.667
361.667
  7.100
  9.817
124.667
336.667
  7.100
  9.817
149.667
311.667
  7.100
  9.817
  1.000
-30.000
491.667
  5.700
  5.655
  0.000
  0.000
  0.000
  0.000
  2.000
  2.000
  2.000
  2.513
 11.310
338.000
 24.900
415.000
 27.600
338.000
 37.400
415.000
 37.400
  0.000
  3.000
  0.000
230.667
461.333
  2.000
 12.000
  2.000
 11.000
  4.000
  9.000
  1.000
  1.000
 13.000
210.000
  0.000
210.000
  8.000
210.000
 40.000
398.000
 40.000
408.000
 75.000
408.000
 75.000
418.000
 75.000
418.000
 75.000
418.000
 40.000
418.000
 25.000
360.000
 23.000
340.000
  8.000
340.000
  0.000
  0.000
  9.000
  9.817
-30.000
 -5.000
 10.600
  4.400
  9.817
-19.000
 10.667
  5.600
  4.400
  9.817
 -3.000
 26.667
  5.600
  4.400
  9.817
 14.667
 44.667
  5.600
  4.400
 14.726
 32.367
 59.667
  5.600
  7.100
  9.817
 52.367
 79.667
  5.600
  7.100
  9.817
 72.367
 99.667
  5.600
  7.100
  9.817
 97.367
124.667
  5.600
  7.100
  9.817
122.367
149.667
  5.600
  7.100
  1.000
520.000
  6.283
 20.000
 10.000
-30.000
491.667
  4.400
 44.179
 -5.000
466.667
  4.400
  9.817
 10.667
450.667
  4.400
  9.817
 26.667
434.667
  4.400
  9.817
 44.667
416.667
  4.400
  9.817
 59.667
401.667
  7.100
 14.726
 79.667
381.667
  7.100
  9.817
 99.667
361.667
  7.100
  9.817
124.667
336.667
  7.100
  9.817
149.667
311.667
  7.100
  9.817
  1.000
-30.000
491.667
  5.700
  5.655
  1.000
9
25
 -56.0 -42.0 -28.0 -14.0 0.0 14.0 28.0 42.0 56.0 
2
25
 -50.0 50.0 
2
25
 -37.5 37.5 
2
25
 -25.0 25.0 
2
25
 -12.5 12.5 
3
25
 -56.0 0.0 56.0 
2
25
 -50.0 50.0 
2
25
 -37.5 37.5 
2
25
 -25.0 25.0 
2
25
 -12.5 12.5 
5
12
 -63.0 -31.5 0.0 31.5 63.0 
5
8
10
12
9
25
 -56.0 -42.0 -28.0 -14.0 0.0 14.0 28.0 42.0 56.0 
2
25
 -50.0 50.0 
2
25
 -37.5 37.5 
2
25
 -25.0 25.0 
2
25
 -12.5 12.5 
3
25
 -56.0 0.0 56.0 
2
25
 -50.0 50.0 
2
25
 -37.5 37.5 
2
25
 -25.0 25.0 
2
25
 -12.5 12.5 
5
12
 -63.0 -31.5 0.0 31.5 63.0 
5
8
10
12

