3
ПЛИТНОЕ  ДВУХБЛОЧНОЕ  Ж.Б.П.С. ПОД НАГРУЗКУ  С-14  Инв. N 557/12
Lo = 800 см.     Lп = 930 см.
s1_0800.73
  1.000
 40.000
  1.000
  0.000
  1.000
  1.000
  0.000
870.000
 15.000
855.000
930.000
  2.000
133.500
284.500
  0.000
  0.000
209.000
209.000
  0.000
 10.000
 20.000
 60.000
 10.000
 95.000
 10.000
 95.000
 10.000
 95.000
 49.000
110.000
369.000
110.000
408.000
 95.000
408.000
 95.000
408.000
 95.000
398.000
 60.000
  0.000
  0.000
  0.000
  0.000
  2.000
  2.000
  2.000
  2.513
 11.310
  3.000
 47.400
 83.000
 44.400
  3.000
 57.400
 83.000
 57.400
  0.000
  3.000
  0.000
435.000
870.000
  2.000
 12.000
  3.000
 12.000
  5.000
 10.000
  1.000
  1.000
 13.000
 78.000
  0.000
 78.000
 23.000
 58.000
 43.000
  0.000
 45.000
  0.000
 60.000
  0.000
 95.000
  0.000
 95.000
 10.000
 95.000
 10.000
 95.000
 20.000
 60.000
208.000
 60.000
208.000
 23.000
208.000
  0.000
  0.000
 10.000
 16.085
-25.000
  3.000
 27.300
  4.700
  8.042
 -6.000
 43.400
  6.300
  4.700
 16.085
216.000
265.000
  6.300
  4.700
 24.127
 -6.000
 40.000
  6.300
  8.100
 16.085
 36.400
 82.000
  6.300
  8.100
 16.085
 81.400
127.000
  6.300
  8.100
 16.085
126.400
172.000
  6.300
  8.100
 16.085
171.400
217.000
  6.300
  8.100
 16.085
261.400
307.000
  6.300
  8.100
 16.085
306.900
349.000
  6.300
 11.600
  1.000
920.000
  4.712
 20.000
 11.000
-25.000
895.000
  4.700
 64.340
  3.000
867.000
  4.700
 16.085
 43.400
826.600
  4.700
  8.042
265.000
605.000
  4.700
 16.085
 40.000
830.000
  8.100
 24.127
 82.000
788.000
  8.100
 16.085
127.000
743.000
  8.100
 16.085
172.000
698.000
  8.100
 16.085
217.000
653.000
  8.100
 16.085
307.000
563.000
  8.100
 16.085
349.000
521.000
 11.600
 16.085
  1.000
-25.000
895.000
  6.100
  3.519
  0.000
  0.000
  0.000
  0.000
  2.000
  2.000
  2.000
  2.513
 11.310
335.000
 44.400
415.000
 47.400
335.000
 57.400
415.000
 57.400
  0.000
  3.000
  0.000
435.000
870.000
  2.000
 12.000
  2.000
 11.000
  4.000
  9.000
  1.000
  1.000
 13.000
210.000
  0.000
210.000
 23.000
210.000
 60.000
398.000
 60.000
408.000
 95.000
408.000
 95.000
418.000
 95.000
418.000
 95.000
418.000
 60.000
418.000
 45.000
360.000
 43.000
340.000
 23.000
340.000
  0.000
  0.000
 10.000
 16.085
-25.000
  3.000
 27.300
  4.700
  8.042
 -6.000
 43.400
  6.300
  4.700
 16.085
216.000
265.000
  6.300
  4.700
 24.127
 -6.000
 40.000
  6.300
  8.100
 16.085
 36.400
 82.000
  6.300
  8.100
 16.085
 81.400
127.000
  6.300
  8.100
 16.085
126.400
172.000
  6.300
  8.100
 16.085
171.400
217.000
  6.300
  8.100
 16.085
261.400
307.000
  6.300
  8.100
 16.085
306.900
349.000
  6.300
 11.600
  1.000
920.000
  4.712
 20.000
 11.000
-25.000
895.000
  4.700
 64.340
  3.000
867.000
  4.700
 16.085
 43.400
826.600
  4.700
  8.042
265.000
605.000
  4.700
 16.085
 40.000
830.000
  8.100
 24.127
 82.000
788.000
  8.100
 16.085
127.000
743.000
  8.100
 16.085
172.000
698.000
  8.100
 16.085
217.000
653.000
  8.100
 16.085
307.000
563.000
  8.100
 16.085
349.000
521.000
 11.600
 16.085
  1.000
-25.000
895.000
  6.100
  3.519
  1.000
8
32
 -54.0 -40.0 -24.0 -8.0 8.0 24.0 40.0 54.0 
2
32
 -50.0 50.0 
1
32
 0.0 
2
32
 -25.0 25.0 
3
32
 -55.0 0.0 55.0 
2
32
 -50.0 50.0 
2
32
 -40.0 40.0 
2
32
 -30.0 30.0 
2
32
 -20.0 20.0 
2
32
 -10.0 10.0 
2
32
 -5.0 5.0 
7
8
 -63.0 -42.0 -21.0 0.0 21.0 42.0 63.0 
5
8
10
12
8
32
 -54.0 -40.0 -24.0 -8.0 8.0 24.0 40.0 54.0 
2
32
 -50.0 50.0 
1
32
 0.0 
2
32
 -25.0 25.0 
3
32
 -55.0 0.0 55.0 
2
32
 -50.0 50.0 
2
32
 -40.0 40.0 
2
32
 -30.0 30.0 
2
32
 -20.0 20.0 
2
32
 -10.0 10.0 
2
32
 -5.0 5.0 
7
8
 -63.0 -42.0 -21.0 0.0 21.0 42.0 63.0 
5
8
10
12
