3
ПЛИТНОЕ  ДВУХБЛОЧНОЕ  Ж.Б.П.С. ПОД НАГРУЗКУ  С-14  Инв. N 557/12
Lo = 1280 см.   Lп = 1430 см.
s1_1280.73
  1.000
 45.000
  1.000
  0.000
  1.000
  1.000
  0.000
1360.000
 17.500
1342.500
1430.000
  2.000
128.500
289.500
  0.000
  0.000
209.000
209.000
  0.000
 10.000
 20.000
 80.000
 10.000
115.000
 10.000
115.000
 10.000
115.000
 49.000
130.000
369.000
130.000
408.000
115.000
408.000
115.000
408.000
115.000
398.000
 80.000
  0.000
  0.000
  0.000
  0.000
  2.000
  2.000
  2.000
  2.513
 11.310
  3.000
 57.400
 70.000
 54.400
  3.000
 77.400
 70.000
 77.400
  0.000
  3.000
  0.000
680.000
1360.000
  2.000
 12.000
  3.000
 12.000
  5.000
 10.000
  1.000
  1.000
 13.000
 78.000
  0.000
 78.000
 33.000
 48.000
 53.000
  0.000
 55.000
  0.000
 80.000
  0.000
115.000
  0.000
115.000
 10.000
115.000
 10.000
115.000
 20.000
 80.000
208.000
 80.000
208.000
 33.000
208.000
  0.000
  0.000
 15.000
 16.085
-30.000
 10.000
 35.300
  4.700
 16.085
155.000
225.000
  5.300
  4.700
 16.085
-16.000
 50.000
  5.300
  8.200
 16.085
208.500
275.000
  5.300
  8.200
 16.085
155.000
221.500
  5.300
  8.200
 16.085
-16.000
 46.600
  5.300
 11.600
 32.170
 41.900
105.000
  5.300
 11.600
 32.170
 96.900
160.000
  5.300
 11.600
 16.085
208.500
271.600
  5.300
 11.600
 16.085
261.900
325.000
  5.300
 11.600
 16.085
261.900
318.100
  5.300
 18.500
 16.085
318.800
375.000
  5.300
 18.500
 16.085
373.800
430.000
  5.300
 18.500
 16.085
428.800
485.000
  5.300
 18.500
 16.085
483.800
540.000
  5.300
 18.500
  1.000
1420.000
  6.283
 20.000
 17.000
-30.000
1390.000
  4.700
 80.425
 10.000
1350.000
  4.700
 16.085
225.000
1135.000
  4.700
 16.085
-30.000
1390.000
  8.200
 64.340
 50.000
1310.000
  8.200
 16.085
275.000
1085.000
  8.200
 16.085
221.500
1138.500
  8.200
 16.085
 46.600
1313.400
 11.600
 16.085
105.000
1255.000
 11.600
 32.170
160.000
1200.000
 11.600
 32.170
271.600
1088.400
 11.600
 16.085
325.000
1035.000
 11.600
 16.085
318.100
1041.900
 18.500
 16.085
375.000
985.000
 18.500
 16.085
430.000
930.000
 18.500
 16.085
485.000
875.000
 18.500
 16.085
540.000
820.000
 18.500
 16.085
  1.000
-30.000
1390.000
  6.100
  2.513
  0.000
  0.000
  0.000
  0.000
  2.000
  2.000
  2.000
  2.513
 11.310
348.000
 54.400
415.000
 57.400
348.000
 77.400
415.000
 77.400
  0.000
  3.000
  0.000
680.000
1360.000
  2.000
 12.000
  2.000
 11.000
  4.000
  9.000
  1.000
  1.000
 13.000
210.000
  0.000
210.000
 33.000
210.000
 80.000
398.000
 80.000
408.000
115.000
408.000
115.000
418.000
115.000
418.000
115.000
418.000
 80.000
418.000
 55.000
370.000
 53.000
340.000
 33.000
340.000
  0.000
  0.000
 15.000
 16.085
-30.000
 10.000
 35.300
  4.700
 16.085
155.000
225.000
  5.300
  4.700
 16.085
-16.000
 50.000
  5.300
  8.200
 16.085
208.500
275.000
  5.300
  8.200
 16.085
155.000
221.500
  5.300
  8.200
 16.085
-16.000
 46.600
  5.300
 11.600
 32.170
 41.900
105.000
  5.300
 11.600
 32.170
 96.900
160.000
  5.300
 11.600
 16.085
208.500
271.600
  5.300
 11.600
 16.085
261.900
325.000
  5.300
 11.600
 16.085
261.900
318.100
  5.300
 18.500
 16.085
318.800
375.000
  5.300
 18.500
 16.085
373.800
430.000
  5.300
 18.500
 16.085
428.800
485.000
  5.300
 18.500
 16.085
483.800
540.000
  5.300
 18.500
  1.000
1420.000
  6.283
 20.000
 17.000
-30.000
1390.000
  4.700
 80.425
 10.000
1350.000
  4.700
 16.085
225.000
1135.000
  4.700
 16.085
-30.000
1390.000
  8.200
 64.340
 50.000
1310.000
  8.200
 16.085
275.000
1085.000
  8.200
 16.085
221.500
1138.500
  8.200
 16.085
 46.600
1313.400
 11.600
 16.085
105.000
1255.000
 11.600
 32.170
160.000
1200.000
 11.600
 32.170
271.600
1088.400
 11.600
 16.085
325.000
1035.000
 11.600
 16.085
318.100
1041.900
 18.500
 16.085
375.000
985.000
 18.500
 16.085
430.000
930.000
 18.500
 16.085
485.000
875.000
 18.500
 16.085
540.000
820.000
 18.500
 16.085
  1.000
-30.000
1390.000
  6.100
  2.513
  1.000
10
32
 -47.5 -42.5 -37.5 -22.5 -7.5 7.5 22.5 37.5 42.5 47.5 
2
32
 -45.0 45.0 
2
32
 -30.0 30.0 
8
32
 -46.5 -47.5 -28.5 -9.5 9.5 28.5 47.5 46.5 
2
32
 -45.0 45.0 
2
32
 -30.0 30.0 
2
32
 -15.0 15.0 
2
32
 -40.0 40.0 
4
32
 -47.5 -22.5 22.5 47.5 
4
32
 -45.0 -15.0 15.0 45.0 
2
32
 -50.0 50.0 
2
32
 -25.0 25.0 
2
32
 -40.0 40.0 
2
32
 -40.0 40.0 
2
32
 -30.0 30.0 
2
32
 -20.0 20.0 
2
32
 -10.0 10.0 
5
8
 -68.0 -34.0 0.0 34.0 68.0 
5
8
10
12
10
32
 -47.5 -42.5 -37.5 -22.5 -7.5 7.5 22.5 37.5 42.5 47.5 
2
32
 -45.0 45.0 
2
32
 -30.0 30.0 
8
32
 -46.5 -47.5 -28.5 -9.5 9.5 28.5 47.5 46.5 
2
32
 -45.0 45.0 
2
32
 -30.0 30.0 
2
32
 -15.0 15.0 
2
32
 -40.0 40.0 
4
32
 -47.5 -22.5 22.5 47.5 
4
32
 -45.0 -15.0 15.0 45.0 
2
32
 -50.0 50.0 
2
32
 -25.0 25.0 
2
32
 -40.0 40.0 
2
32
 -40.0 40.0 
2
32
 -30.0 30.0 
2
32
 -20.0 20.0 
2
32
 -10.0 10.0 
5
8
 -68.0 -34.0 0.0 34.0 68.0 
5
8
10
12
