3
 ДВУХРЕБРИСТОЕ Ж.Б.П.С. под нагрузку  С14  Инв.  N 557/12 
 Lo = 800 см     Lп = 930 см
 s2_0800.74
  1.000
 30.000
  1.000
  1.000
  1.000
  1.000
  0.000
844.000
 15.000
829.000
930.000
  2.000
119.000
299.000
  0.000
  0.000
209.000
209.000
  1.000
  6.000
 20.000
 90.000
 10.000
125.000
 49.000
140.000
369.000
140.000
408.000
125.000
398.000
 90.000
  1.310
-28.500
  0.700
-57.000
  4.000
  2.000
  2.000
  2.000
  2.000
 11.300
  2.500
  2.500
  2.500
  3.000
 87.400
205.000
 87.400
  3.000
 77.600
205.000
 77.600
 70.000
 81.000
 98.000
 53.000
140.000
 53.000
168.000
 81.000
  0.000
  3.000
  0.000
422.000
844.000
  2.000
 12.000
  3.000
 11.000
  5.000
  8.000
  1.000
  1.000
 13.000
 94.000
  0.000
 94.000
 53.000
 74.000
 73.000
  0.000
 75.000
  0.000
 90.000
  0.000
125.000
 10.000
125.000
 20.000
 90.000
208.000
 90.000
208.000
 75.000
164.000
 73.000
144.000
 53.000
144.000
  0.000
  0.000
  6.000
 16.080
-22.000
 55.000
  4.400
  8.200
 16.080
 38.000
110.000
  4.400
 11.700
 16.080
103.000
175.000
  4.400
 11.700
 16.080
168.000
235.000
  4.400
 18.600
 16.080
233.000
300.000
  4.400
 18.600
  8.040
298.000
370.000
  4.400
 11.700
  1.000
920.000
  3.160
 20.000
  8.000
-39.000
883.000
  4.700
 40.200
-39.000
883.000
  8.200
 24.120
 55.000
789.000
  8.200
 16.080
110.000
734.000
 11.700
 16.080
175.000
669.000
 11.700
 16.080
235.000
609.000
 18.600
 16.080
300.000
544.000
 18.600
 16.080
370.000
474.000
 11.700
  8.040
  1.000
-39.000
883.000
  4.400
  2.000
  1.310
446.500
  0.700
475.000
  4.000
  2.000
  2.000
  2.000
  2.000
 11.300
  2.500
  2.500
  2.500
213.000
 87.400
415.000
 87.400
213.000
 77.600
415.000
 77.600
250.000
 81.000
278.000
 53.000
320.000
 53.000
348.000
 81.000
  0.000
  3.000
  0.000
422.000
844.000
  2.000
 12.000
  3.000
 11.000
  6.000
  9.000
  1.000
  1.000
 13.000
274.000
  0.000
274.000
 53.000
254.000
 73.000
210.000
 75.000
210.000
 90.000
398.000
 90.000
408.000
125.000
418.000
125.000
418.000
 90.000
418.000
 75.000
344.000
 73.000
324.000
 53.000
324.000
  0.000
  0.000
  6.000
 16.080
-22.000
 55.000
  4.400
  8.200
 16.080
 38.000
110.000
  4.400
 11.700
 16.080
103.000
175.000
  4.400
 11.700
 16.080
168.000
235.000
  4.400
 18.600
 16.080
233.000
300.000
  4.400
 18.600
  8.040
298.000
370.000
  4.400
 11.700
  1.000
920.000
  3.160
 20.000
  8.000
-39.000
883.000
  4.700
 40.200
-39.000
883.000
  8.200
 24.120
 55.000
789.000
  8.200
 16.080
110.000
734.000
 11.700
 16.080
175.000
669.000
 11.700
 16.080
235.000
609.000
 18.600
 16.080
300.000
544.000
 18.600
 16.080
370.000
474.000
 11.700
  8.040
  1.000
-39.000
883.000
  4.400
  2.000
  1.000
5
32
 -23.0 -11.5 0.0 11.5 23.0 
3
32
 -23.0 0.0 23.0 
2
32
 -11.5 11.5 
2
32
 -23.0 23.0 
2
32
 -11.5 11.5 
2
32
 -23.0 23.0 
2
32
 -11.5 11.5 
1
32
 0.0 
4
8
 -22.9 -7.7 7.7 22.9 
10
12
5
8
5
8
5
8
5
32
 -23.0 -11.5 0.0 11.5 23.0 
3
32
 -23.0 0.0 23.0 
2
32
 -11.5 11.5 
2
32
 -23.0 23.0 
2
32
 -11.5 11.5 
2
32
 -23.0 23.0 
2
32
 -11.5 11.5 
1
32
 0.0 
4
8
 -22.9 -7.7 7.7 22.9 
10
12
5
8
5
8
5
8
