3
 ДВУХРЕБРИСТОЕ Ж.Б.П.С. ПОД НАГРУЗКУ  С14  Инв.  N 557/1
 Lo = 1280 см     Lп = 1430 см
 s2_1280.71
  1.000
 30.000
  1.000
  1.000
  1.000
  1.000
  0.000
1330.000
 15.000
1315.000
1430.000
  2.000
119.000
299.000
  0.000
  0.000
209.000
209.000
  1.000
  6.000
 20.000
120.000
 10.000
155.000
 49.000
170.000
369.000
170.000
408.000
155.000
398.000
120.000
  1.310
-28.500
  0.700
-57.000
  2.000
  2.000
  2.000
 11.300
  2.500
  3.000
117.400
205.000
117.400
  3.000
107.600
205.000
107.600
  0.000
  3.000
  0.000
665.000
1330.000
  2.000
 12.000
  3.000
 11.000
  5.000
  8.000
  1.000
  1.000
 13.000
 94.000
  0.000
 94.000
 83.000
 74.000
103.000
  0.000
105.000
  0.000
120.000
  0.000
155.000
 10.000
155.000
 20.000
120.000
208.000
120.000
208.000
105.000
164.000
103.000
144.000
 83.000
144.000
  0.000
  0.000
  9.000
 24.120
-46.000
-17.000
 82.000
  8.200
 24.120
-46.000
 23.000
 39.000
 11.700
 32.160
-29.000
 69.000
  4.400
 15.200
 24.120
 48.000
143.000
  4.400
 18.600
 24.120
126.000
218.000
  4.400
 22.100
 16.080
206.000
294.000
  4.400
 25.600
 24.080
290.000
378.000
  4.400
 25.600
 16.080
370.000
458.000
  4.400
 25.600
 16.080
447.000
528.000
  4.400
 32.500
  1.000
1420.000
  3.160
 20.000
 12.000
-46.000
1376.000
  4.700
 40.200
-46.000
1376.000
  8.200
 40.200
 23.000
1307.000
 11.700
 24.120
 65.000
1265.000
 18.600
 16.080
 73.000
1257.000
 11.700
 16.080
143.000
1187.000
 18.600
 24.120
218.000
1112.000
 22.100
 24.120
294.000
1036.000
 25.600
 16.080
298.000
1032.000
 22.100
  8.040
378.000
952.000
 25.600
 16.080
458.000
872.000
 25.600
 16.080
528.000
802.000
 32.500
 16.080
  1.000
-46.000
1376.000
  4.000
  2.000
  1.310
446.500
  0.700
475.000
  2.000
  2.000
  2.000
 11.300
  2.500
213.000
117.400
415.000
117.400
213.000
107.600
415.000
107.600
  0.000
  3.000
  0.000
665.000
1330.000
  2.000
 12.000
  3.000
 11.000
  6.000
  9.000
  1.000
  1.000
 13.000
274.000
  0.000
274.000
 83.000
254.000
103.000
210.000
105.000
210.000
120.000
398.000
120.000
408.000
155.000
418.000
155.000
418.000
120.000
418.000
105.000
344.000
103.000
324.000
 83.000
324.000
  0.000
  0.000
  9.000
 24.120
-46.000
-17.000
 82.000
  8.200
 24.120
-46.000
 23.000
 39.000
 11.700
 32.160
-29.000
 69.000
  4.400
 15.200
 24.120
 48.000
143.000
  4.400
 18.600
 24.120
126.000
218.000
  4.400
 22.100
 16.080
206.000
294.000
  4.400
 25.600
 24.120
290.000
378.000
  4.400
 25.600
 16.080
370.000
458.000
  4.400
 25.600
 16.080
447.000
528.000
  4.400
 32.500
  1.000
1420.000
  3.160
 20.000
 12.000
-46.000
1376.000
  4.700
 40.200
-46.000
1376.000
  8.200
 40.200
 23.000
1307.000
 11.700
 24.120
 65.000
1265.000
 18.600
 16.080
 73.000
1257.000
 11.700
 16.080
143.000
1187.000
 18.600
 24.120
218.000
1112.000
 22.100
 24.120
294.000
1036.000
 25.600
 16.080
298.000
1032.000
 22.100
  8.040
378.000
952.000
 25.600
 16.080
458.000
872.000
 25.600
 16.080
528.000
802.000
 32.500
 16.080
  1.000
-46.000
1376.000
  4.000
  2.000
  1.000
5
32
 -23.0 -11.5 0.0 11.5 23.0 
5
32
 -23.0 -11.5 0.0 11.5 23.0 
3
32
 -23.0 0.0 23.0 
2
32
 -11.5 11.5 
2
32
 -11.5 11.5 
3
32
 -23.0 0.0 23.0 
3
32
 23.0 -23.0 11.5 
2
32
 -23.0 23.0 
1
32
 0.0 
2
32
 -11.5 11.5 
2
32
 -8.5 8.5 
2
32
 -23.0 23.0 
4
8
 -22.9 -7.7 7.7 22.9 
10
12
5
8
5
32
 -23.0 -11.5 0.0 11.5 23.0 
5
32
 -23.0 -11.5 0.0 11.5 23.0 
3
32
 -23.0 0.0 23.0 
2
32
 -11.5 11.5 
2
32
 -11.5 11.5 
3
32
 -23.0 0.0 23.0 
3
32
 23.0 -23.0 11.5 
2
32
 -23.0 23.0 
1
32
 0.0 
2
32
 -11.5 11.5 
2
32
 -8.5 8.5 
2
32
 -23.0 23.0 
4
8
 -22.9 -7.7 7.7 22.9 
10
12
5
8
