3
 ÑÇìïêÖÅêàëíéÖ Ü.Å.è.ë. èéÑ çÄÉêìáäì  ë14  à≠¢.  N 557/1
 Lo = 1500 ·¨     LØ = 1650 ·¨
 s2_1500.71
  1.000
 40.000
  1.000
  1.000
  1.000
  1.000
  0.000
1580.000
 15.000
1565.000
1650.000
  2.000
119.000
299.000
  0.000
  0.000
239.000
239.000
  1.000
  6.000
 20.000
140.000
 10.000
175.000
 49.000
190.000
389.000
190.000
408.000
175.000
398.000
140.000
  0.000
  0.000
  0.000
  0.000
  2.000
  2.000
  2.000
 11.300
  2.500
  3.000
137.400
205.000
137.400
  3.000
127.600
205.000
127.600
  0.000
  3.000
  0.000
790.000
1580.000
  2.000
 12.000
  3.000
 11.000
  5.000
  8.000
  1.000
  1.000
 13.000
 94.000
  0.000
 94.000
103.000
 74.000
123.000
  0.000
125.000
  0.000
140.000
  0.000
175.000
 10.000
175.000
 20.000
140.000
208.000
140.000
208.000
125.000
164.000
123.000
144.000
103.000
144.000
  0.000
  0.000
 10.000
 24.120
-31.000
 45.000
 51.700
 11.700
 24.120
-31.000
 85.000
  4.400
 18.600
 16.080
 30.000
145.000
  4.400
 18.600
 16.080
 92.000
205.000
  4.400
 22.100
 16.080
152.000
265.000
  4.400
 22.100
 16.080
230.000
340.000
  4.400
 25.600
 16.080
310.000
420.000
  4.400
 25.600
 16.080
387.000
490.000
  4.400
 32.500
  8.040
485.000
595.000
  4.400
 22.100
  8.040
570.000
680.000
  4.400
 25.600
  1.000
1640.000
  3.160
 20.000
 13.000
-31.000
1611.000
  4.700
 40.200
-31.000
1611.000
  8.200
 40.200
-31.000
1611.000
 11.700
 16.080
 45.000
1535.000
 11.700
 24.120
 85.000
1495.000
 18.600
 24.120
145.000
1435.000
 18.600
 16.080
205.000
1375.000
 22.100
 16.080
265.000
1315.000
 22.100
 16.080
340.000
1240.000
 25.600
 16.080
420.000
1160.000
 25.600
 16.080
490.000
1090.000
 32.500
 16.080
595.000
985.000
 22.100
  8.040
680.000
900.000
 25.600
  8.040
  1.000
-31.000
1611.000
  4.000
  2.000
  0.000
  0.000
  0.000
  0.000
  2.000
  2.000
  2.000
 11.300
  2.500
213.000
137.400
415.000
137.400
213.000
127.600
415.000
127.600
  0.000
  3.000
  0.000
790.000
1580.000
  2.000
 12.000
  3.000
 11.000
  6.000
  9.000
  1.000
  1.000
 13.000
274.000
  0.000
274.000
103.000
254.000
123.000
210.000
125.000
210.000
140.000
398.000
140.000
408.000
175.000
418.000
175.000
418.000
140.000
418.000
125.000
344.000
123.000
324.000
103.000
324.000
  0.000
  0.000
 10.000
 24.120
-31.000
 45.000
 51.700
 11.700
 24.120
-31.000
 85.000
  4.400
 18.600
 16.080
 30.000
145.000
  4.400
 18.600
 16.080
 92.000
205.000
  4.400
 22.100
 16.080
152.000
265.000
  4.400
 22.100
 16.080
230.000
340.000
  4.400
 25.600
 16.080
310.000
420.000
  4.400
 25.600
 16.080
387.000
490.000
  4.400
 32.500
  8.040
485.000
595.000
  4.400
 22.100
  8.040
570.000
680.000
  4.400
 25.600
  1.000
1640.000
  3.160
 20.000
 13.000
-31.000
1611.000
  4.700
 40.200
-31.000
1611.000
  8.200
 40.200
-31.000
1611.000
 11.700
 16.080
 45.000
1535.000
 11.700
 24.120
 85.000
1495.000
 18.600
 24.120
145.000
1435.000
 18.600
 16.080
205.000
1375.000
 22.100
 16.080
265.000
1315.000
 22.100
 16.080
340.000
1240.000
 25.600
 16.080
420.000
1160.000
 25.600
 16.080
490.000
1090.000
 32.500
 16.080
595.000
985.000
 22.100
  8.040
680.000
900.000
 25.600
  8.040
  1.000
-31.000
1611.000
  4.000
  2.000
  1.000
5
32
 -23.0 -11.5 0.0 11.5 23.0 
5
32
 -23.0 -11.5 0.0 11.5 23.0 
2
32
 -11.5 11.5 
3
32
 -23.0 0.0 23.0 
3
32
 -23.0 0.0 23.0 
2
32
 -23.0 23.0 
2
32
 -23.0 23.0 
2
32
 -11.5 11.5 
2
32
 -23.0 23.0 
2
32
 -11.5 11.5 
2
32
 -8.5 8.5 
1
32
 0.0 
1
32
 0.0 
4
8
 -22.9 -7.7 7.7 22.9 
10
12
5
8
5
32
 -23.0 -11.5 0.0 11.5 23.0 
5
32
 -23.0 -11.5 0.0 11.5 23.0 
2
32
 -11.5 11.5 
3
32
 -23.0 0.0 23.0 
3
32
 -23.0 0.0 23.0 
2
32
 -23.0 23.0 
2
32
 -23.0 23.0 
2
32
 -11.5 11.5 
2
32
 -23.0 23.0 
2
32
 -11.5 11.5 
2
32
 -8.5 8.5 
1
32
 0.0 
1
32
 0.0 
4
8
 -22.9 -7.7 7.7 22.9 
10
12
5
8
