3
 ДВУХРЕБРИСТОЕ Ж.Б.П.С.       ПОД НАГРУЗКУ  С14  Инв.        N 557/1 
 Lo = 1067 см        Lп = 1220 см
 s2_1067.71
  1.000
 30.000
  1.000
  1.000
  1.000
  1.000
  0.000
1118.000
 15.000
1103.000
1220.000
  2.000
119.000
299.000
  0.000
  0.000
209.000
209.000
  1.000
  6.000
 20.000
105.000
 10.000
140.000
 49.000
145.000
369.000
145.000
408.000
140.000
398.000
105.000
  1.310
-28.000
  0.700
-57.000
  4.000
  2.000
  2.000
  2.000
  2.000
 11.300
  2.500
  2.500
  2.500
  3.000
102.400
205.000
102.400
  3.000
 92.600
205.000
 92.600
 70.000
 96.000
 98.000
 68.000
140.000
 68.000
168.000
 96.000
  0.000
  3.000
  0.000
559.000
1118.000
  2.000
 12.000
  3.000
 11.000
  5.000
  8.000
  1.000
  1.000
 13.000
 94.000
  0.000
 94.000
 68.000
 74.000
 88.000
  0.000
 90.000
  0.000
105.000
  0.000
140.000
 10.000
140.000
 20.000
105.000
208.000
105.000
208.000
 90.000
164.000
 88.000
144.000
 68.000
144.000
  0.000
  0.000
  8.000
 16.080
-47.000
  0.000
 47.600
 11.700
 16.080
-23.000
 65.000
  4.400
 11.700
 16.080
-23.000
 60.000
  4.400
 18.600
 24.120
 47.000
130.000
  4.400
 18.600
 16.080
112.000
195.000
  4.400
 22.100
 16.080
182.000
265.000
  4.400
 22.100
  8.040
252.000
335.000
  4.400
 22.100
  8.040
320.000
400.000
  4.400
 25.600
  1.000
1200.000
  3.160
 20.000
 10.000
-47.000
1165.000
  4.700
 40.200
-47.000
1165.000
  8.200
 40.200
  0.000
1118.000
 11.700
 24.120
 65.000
1053.000
 11.700
 16.080
 60.000
1058.000
 18.600
 16.080
130.000
988.000
 18.600
 24.120
195.000
923.000
 22.100
 16.080
265.000
853.000
 22.100
 16.080
335.000
783.000
 22.100
  8.040
400.000
718.000
 25.600
  8.040
  1.000
-47.000
1165.000
  4.400
  2.000
  1.310
446.500
  0.700
475.000
  4.000
  2.000
  2.000
  2.000
  2.000
 11.300
  2.500
  2.500
  2.500
213.000
102.400
415.000
102.400
213.000
 92.600
415.000
 92.600
250.000
 96.000
278.000
 68.000
320.000
 68.000
348.000
 96.000
  0.000
  3.000
  0.000
559.000
1118.000
  2.000
 12.000
  3.000
 11.000
  6.000
  9.000
  1.000
  1.000
 13.000
274.000
  0.000
274.000
 68.000
254.000
 88.000
210.000
 90.000
210.000
105.000
398.000
105.000
408.000
140.000
418.000
140.000
418.000
105.000
418.000
 90.000
344.000
 88.000
324.000
 68.000
324.000
  0.000
  0.000
  8.000
 16.080
-47.000
  0.000
 47.600
 11.700
 16.080
-23.000
 65.000
  4.400
 11.700
 16.080
-23.000
 60.000
  4.400
 18.600
 24.120
 47.000
130.000
  4.400
 18.600
 16.080
112.000
195.000
  4.400
 22.100
 16.080
182.000
265.000
  4.400
 22.100
  8.040
252.000
335.000
  4.400
 22.100
  8.040
320.000
400.000
  4.400
 25.600
  1.000
1200.000
  3.160
 20.000
 10.000
-47.000
1165.000
  4.700
 40.200
-47.000
1165.000
  8.200
 40.200
  0.000
1118.000
 11.700
 24.120
 65.000
1053.000
 11.700
 16.080
 60.000
1058.000
 18.600
 16.080
130.000
988.000
 18.600
 24.120
195.000
923.000
 22.100
 16.080
265.000
853.000
 22.100
 16.080
335.000
783.000
 22.100
  8.040
400.000
718.000
 25.600
  8.040
  1.000
-47.000
1165.000
  4.400
  2.000
  1.000
5
32
 -23.0 -11.5 0.0 11.5 23.0 
4
32
 -22.9 -7.7 7.7 22.9 
2
32
 -23.0 23.0 
2
32
 -11.5 11.5 
2
32
 -23.0 23.0 
2
32
 -11.5 11.5 
2
32
 -23.0 23.0 
2
32
 -11.5 11.5 
1
32
 0.0 
1
32
 0.0 
4
8
 -22.9 -7.7 7.7 22.9 
10
12
5
8
5
8
5
8
5
32
 -23.0 -11.5 0.0 11.5 23.0 
4
32
 -22.9 -7.7 7.7 22.9 
2
32
 -23.0 23.0 
2
32
 -11.5 11.5 
2
32
 -23.0 23.0 
2
32
 -11.5 11.5 
2
32
 -23.0 23.0 
2
32
 -11.5 11.5 
1
32
 0.0 
1
32
 0.0 
4
8
 -22.9 -7.7 7.7 22.9 
10
12
5
8
5
8
5
8

