3
Четырехребристое монолитное ПС под нагрузку 1907 г. а4_0213.02
                           Lo=213 см Lп=304 см                
*
  1.000
 20.000
  0.000
  0.000
  0.000
  0.000
  0.000
244.000
 15.000
229.000
304.000
  4.000
 76.000
146.000
234.000
304.000
  0.000
  0.000
190.000
190.000
  1.000
 10.000
 15.000
 44.000
 15.000
 93.000
 15.000
 93.000
 15.000
 93.000
 25.000
109.000
355.000
109.000
365.000
 93.000
365.000
 93.000
365.000
 93.000
365.000
 44.000
  0.000
  0.000
  0.000
  0.000
  7.000
  2.000
  2.000
  2.000
  2.000
  2.000
  2.000
  2.000
 22.682
  6.283
 22.682
  6.283
  3.142
  3.142
  6.283
  3.000
 40.500
 36.000
 40.500
  3.000
 25.500
 36.000
 25.500
 36.000
 40.500
 59.000
 40.500
 36.000
 25.500
 59.000
 15.000
 93.000
 40.500
111
 40.500
 93.000
 27.500
103.500
 27.500
103.500
 27.500
111.000
 27.500
  0.000
  3.000
  0.000
122.000
244.000
  2.000
 12.000
  3.000
 12.000
  5.000
  9.000
  1.000
  0.000
 13.000
 56.000
  0.000
 56.000
 14.000
 36.000
 22.000
  0.000
 22.000
  0.000
 44.000
  0.000
 93.000
 15.000
 93.000
 15.000
 93.000
 15.000
 44.000
111.000
 44.000
111.000
 24.000
 96.000
 24.000
 96.000
  0.000
  0.000
  2.000
  5.301
-20.000
 14.000
  3.500
  6.500
  3.534
 10.000
 44.000
  3.500
  6.500
  1.000
300.000
  5.000
 20.000
  3.000
-28.000
272.000
  4.700
  8.836
 14.000
230.000
  6.500
  5.301
 44.000
200.000
  6.500
  3.534
  1.000
-28.000
272.000
  4.000
  0.000
  6.000
  2.000
  2.000
  2.000
  2.000
  2.000
  2.000
  6.283
  3.142
  3.142
  3.142
  3.142
  6.283
111.000
 27.500
118.500
 27.500
111
 40.500
129.000
 40.500
118.500
 27.500
129.000
 27.500
163.000
 40.500
190.000
 40.500
163.000
 27.500
178.000
 27.500
178.000
 27.500
190.000
 27.500
  0.000
  3.000
  0.000
122.000
244.000
  2.000
  7.000
  2.000
  7.000
  0.000
  0.000
  8.000
126.000
  0.000
126.000
 24.000
111.000
 24.000
111.000
 44.000
190.000
 44.000
190.000
 24.000
166.000
 24.000
166.000
  0.000
  0.000
  2.000
  5.301
-20.000
 14.000
  3.500
  6.500
  3.534
 10.000
 44.000
  3.500
  6.500
  1.000
300.000
  5.000
 20.000
  3.000
-28.000
272.000
  4.700
  8.836
 14.000
230.000
  6.500
  5.301
 44.000
200.000
  6.500
  3.534
  1.000
-28.000
272.000
  4.000
  0.000
  6.000
  2.000
  2.000
  2.000
  2.000
  2.000
  2.000
  6.283
  3.142
  3.142
  3.142
  3.142
  6.283
190.000
 27.500
202.000
 27.500
190
 40.500
217.000
 40.500
202.000
 27.500
217.000
 27.500
251.000
 40.500
269.00
 40.500
251.000
 27.500
261.500
 27.500
261.500
 27.500
269.000
 27.500
  0.000
  3.000
  0.000
122.000
244.000
  2.000
  7.000
  2.000
  7.000
  0.000
  0.000
  8.000
214.000
  0.000
214.000
 24.000
190.000
 24.000
190.000
 44.000
269.000
 44.000
269.000
 24.000
254.000
 24.000
254.000
  0.000
  0.000
  2.000
  5.301
-20.000
 14.000
  3.500
  6.500
  3.534
 10.000
 44.000
  3.500
  6.500
  1.000
300.000
  5.000
 20.000
  3.000
-28.000
272.000
  4.700
  8.836
 14.000
230.000
  6.500
  5.301
 44.000
200.000
  6.500
  3.534
  1.000
-28.000
272.000
  4.000
  0.000
  0.000
  0.000
  0.000
  0.000
  7.000
  2.000
  2.000
  2.000
  2.000
  2.000
  2.000
  2.000
 22.682
  6.283
 22.682
  6.283
  3.142
  3.142
  6.283
377.000
 40.500
344.000
 40.500
377.000
 25.500
344.000
 25.500
344.000
 40.500
321.000
 40.500
344.000
 25.500
321.000
 15.000
287.000
 40.500
269
 40.500
287.000
 27.500
276.500
 27.500
276.500
 27.500
269.000
 27.500
  0.000
  3.000
  0.000
122.000
244.000
  2.000
 12.000
  2.000
 11.000
  5.000
  9.000
  0.000
  1.000
 13.000
284.000
  0.000
284.000
 24.000
269.000
 24.000
269.000
 44.000
365.000
 44.000
365.000
 93.000
365.000
 93.000
380.000
 93.000
380.000
 44.000
380.000
 22.000
344.000
 22.000
324.000
 14.000
324.000
  0.000
  0.000
  2.000
  5.301
-20.000
 14.000
  3.500
  6.500
  3.534
 10.000
 44.000
  3.500
  6.500
  1.000
300.000
  5.000
 20.000
  3.000
-28.000
272.000
  4.700
  8.836
 14.000
230.000
  6.500
  5.301
 44.000
200.000
  6.500
  3.534
  1.000
-28.000
272.000
  4.000
  0.000
  1.000
5
15
 -18.0 -9.0 0.0 9.0 18.0 
3
15
 -18.0 0.0 18.0 
2
15
 -9.0 9.0 
1
8
 0.0 
20
12
8
10
20
12
8
10
4
10
4
10
8
10
5
15
 -18.0 -9.0 0.0 9.0 18.0 
3
15
 -18.0 0.0 18.0 
2
15
 -9.0 9.0 
1
8
 0.0 
20
12
8
10
20
12
8
10
4
10
4
10
5
15
 -18.0 -9.0 0.0 9.0 18.0 
3
15
 -18.0 0.0 18.0 
2
15
 -9.0 9.0 
1
8
 0.0 
20
12
8
10
20
12
8
10
4
10
4
10
5
15
 -18.0 -9.0 0.0 9.0 18.0 
3
15
 -18.0 0.0 18.0 
2
15
 -9.0 9.0 
1
8
 0.0 
20
12
8
10
20
12
8
10
4
10
4
10
8
10
