3
 óETõPEXPEÅPàCTOE Ü.Å.è.C. èOÑ HAÉPìáKì 1907É.
 Lo = 639 ·¨.  LØ = 769 ·¨.
 A0_0640.02
  1.000
 20.000
  0.000
  0.000
  0.000
  0.000
  0.000
683.000
 22.000
661.000
769.000
  4.000
127.000
205.000
284.000
363.000
  0.000
  0.000
245.000
245.000
  1.000
  6.000
 15.000
 92.000
 15.000
113.000
 45.000
127.000
445.000
127.000
475.000
113.000
475.000
 92.000
  0.000
  0.000
  0.000
  0.000
  3.000
  2.000
  3.000
  2.000
  6.320
 25.560
  6.320
  3.000
 78.500
166.500
 78.500
  3.000
 89.500
150.000
 89.500
161.000
 78.500
 12.500
 78.500
120.000
 57.000
  0.000
  3.000
  0.000
341.500
683.000
  2.000
 11.000
  3.000
 11.000
  5.000
  8.000
  1.000
  0.000
 12.000
107.000
  0.000
107.000
 57.000
 20.000
 74.000
  0.000
 74.000
  0.000
 92.000
  0.000
113.000
 15.000
113.000
 15.000
 92.000
166.500
 92.000
166.500
 76.000
147.000
 76.000
147.000
  0.000
  0.000
  2.000
 14.730
-19.000
 93.000
  4.500
 10.000
  9.820
 63.000
175.000
  4.500
 10.000
  1.000
760.000
 15.000
 20.000
  3.000
-39.000
722.000
  5.100
 30.800
 93.000
590.000
 10.000
 14.730
175.000
508.000
 10.000
  9.820
  0.000
  2.000
  2.000
  6.000
  3.160
  3.160
166.500
 78.500
245.000
 78.500
166.500
 78.500
173.000
 78.500
184.000
 89.500
228.000
 89.500
239.000
 78.500
245.000
 78.500
  0.000
  3.000
  0.000
341.500
683.000
  2.000
  7.000
  2.000
  7.000
  0.000
  0.000
  8.000
186.000
  0.000
186.000
 76.000
166.500
 76.000
166.500
 92.000
245.000
 92.000
245.000
 76.000
226.000
 76.000
226.000
  0.000
  0.000
  2.000
 14.730
-19.000
 93.000
  4.500
 10.000
  9.820
 63.000
175.000
  4.500
 10.000
  1.000
760.000
 15.000
 20.000
  3.000
-39.000
722.000
  5.100
 30.800
 93.000
590.000
 10.000
 14.730
175.000
508.000
 10.000
  9.820
  0.000
  2.000
  2.000
  6.000
  3.160
  3.160
245.000
 78.500
323.500
 78.500
245.000
 78.500
251.000
 78.500
262.000
 89.500
306.000
 89.500
317.000
 78.500
323.500
 78.500
  0.000
  3.000
  0.000
341.500
683.000
  2.000
  7.000
  2.000
  7.000
  0.000
  0.000
  8.000
264.000
  0.000
264.000
 76.000
245.000
 76.000
245.000
 92.000
323.500
 92.000
323.500
 76.000
304.000
 76.000
304.000
  0.000
  0.000
  2.000
 14.730
-19.000
 93.000
  4.500
 10.000
  9.820
 63.000
175.000
  4.500
 10.000
  1.000
760.000
 15.000
 20.000
  3.000
-39.000
722.000
  5.100
 30.800
 93.000
590.000
 10.000
 14.730
175.000
508.000
 10.000
  9.820
  0.000
  0.000
  0.000
  0.000
  0.000
  3.000
  2.000
  3.000
  2.000
  6.320
 25.560
  6.320
323.500
 78.500
487.000
 78.500
329.000
 78.500
340.000
 89.500
487.000
 89.500
370.000
 57.000
477.500
 78.500
  0.000
  3.000
  0.000
341.500
683.000
  2.000
 11.000
  2.000
 10.000
  5.000
  8.000
  0.000
  1.000
 12.000
343.000
  0.000
343.000
 76.000
323.500
 76.000
323.500
 92.000
475.000
 92.000
475.000
113.000
490.000
113.000
490.000
 92.000
490.000
 74.000
470.000
 74.000
383.000
 57.000
383.000
  0.000
  0.000
  2.000
 14.730
-19.000
 93.000
  4.500
 10.000
  9.820
 63.000
175.000
  4.500
 10.000
  1.000
760.000
 15.000
 20.000
  3.000
-39.000
722.000
  5.100
 30.800
 93.000
590.000
 10.000
 14.730
175.000
508.000
 10.000
  9.820
  0.000
  1.000
5
28
 -18.0 -9.0 0.0 9.0 18.0 
3
25
 -18.0 0.0 18.0 
2
25
 -15.0 15.0 
8
10
9
19
8
10
5
28
 -18.0 -9.0 0.0 9.0 18.0 
3
25
 -18.0 0.0 18.0 
2
25
 -15.0 15.0 
4
10
4
10
5
28
 -18.0 -9.0 0.0 9.0 18.0 
3
25
 -18.0 0.0 18.0 
2
25
 -15.0 15.0 
4
10
4
10
5
28
 -18.0 -9.0 0.0 9.0 18.0 
3
25
 -18.0 0.0 18.0 
2
25
 -15.0 15.0 
8
10
9
19
8
10
