         4
Плитное пролетное строение проектировки ЦУСТРОЯ НКПС Лениградское отделение
1930г.
b0_0100.07
*
         1
        18
         0         0         0         0
         0   113.333     6.667   106.667
       140
         1
   182.500
         0
         0
   182.500   182.500
        10
        20        19
        10        54
        10        54
        10        54
        35        69
       330        69
       355        54
       355        54
       355        54
       345        19
         0         0         0         0
         0
         0
         3
         0    56.667   113.333
         2        11         2        11
         2         6
         7        11
         1         1
        12
         0         2         0        19         0        54        10        54        10        54        20        19       345        19       355        54       355        54       365        54       365        19       365         2
         2
         1        12
         0         0       365         0
         1
    13.572     5.667    17.667     1.400     3.600
         0
         2
        -8   121.667     3.600    27.143
    17.667    95.667     3.600    13.572
         0
         1
6
24
 -180.0 -108.0 -36.0 36.0 108.0 180.0 
3
24
 -70.0 0.0 70.0 
