3
èãàíçéÖ  Ü.Å.è.ë.  èéÑ  çÄÉêìáäì  ç8 - 1931 £.  à≠¢. N 2077
Lo = 213 ·¨.   LØ = 293 ·¨.
N0_0213.34
  1.000
 20.000
  0.000
  0.000
  0.000
  0.000
  0.000
239.667
 13.333
226.333
293.000
  1.000
200.000
  0.000
  0.000
200.000
200.000
 10.000
 15.000
 30.000
 10.000
 65.000
 10.000
 65.000
 10.000
 65.000
 40.000
 80.000
360.000
 80.000
390.000
 65.000
390.000
 65.000
390.000
 65.000
385.000
 30.000
  0.000
  0.000
  0.000
  0.000
  0.000
  0.000
  3.000
  0.000
119.833
239.667
  2.000
 11.000
  2.000
 11.000
  2.000
  6.000
  7.000
 11.000
  1.000
  1.000
 12.000
  0.000
  0.000
  0.000
 30.000
  0.000
 65.000
 10.000
 65.000
 10.000
 65.000
 15.000
 30.000
385.000
 30.000
390.000
 65.000
390.000
 65.000
400.000
 65.000
400.000
 30.000
400.000
  0.000
  0.000
  5.000
 24.127
 -9.000
 13.333
  3.800
  3.800
 24.127
 11.333
 33.333
  3.800
  3.800
 16.085
 31.333
 53.333
  3.800
  3.800
 16.085
 56.333
 78.333
  3.800
  3.800
 12.064
 81.333
103.333
  3.800
  3.800
  1.000
280.000
  9.613
 20.000
  6.000
-24.000
263.667
  3.800
 46.244
 13.333
226.334
  3.800
 24.127
 33.333
206.334
  3.800
 24.127
 53.333
186.334
  3.800
 16.085
 78.333
161.334
  3.800
 16.085
103.333
136.334
  3.800
 12.064
  1.000
-24.000
263.667
  3.800
 14.923
  1.000
23
16
 -198.0 -180.0 -162.0 -144.0 -126.0 -108.0 -90.0 -72.0 -54.0 -36.0 -18.0 0.0 18.0 36.0 54.0 72.0 90.0 108.0 126.0 144.0 162.0 180.0 198.0 
12
16
 -189.8 -155.3 -120.8 -86.3 -51.8 -17.3 17.3 51.8 86.3 120.8 155.3 189.8 
12
16
 -181.5 -148.5 -115.5 -82.5 -49.5 -16.5 16.5 49.5 82.5 115.5 148.5 181.5 
8
16
 -175.0 -125.0 -75.0 -25.0 25.0 75.0 125.0 175.0 
8
16
 -157.5 -112.5 -67.5 -22.5 22.5 67.5 112.5 157.5 
6
16
 -184.0 -110.4 -36.8 36.8 110.4 184.0 
19
10
 -198.0 -176.0 -154.0 -132.0 -110.0 -88.0 -66.0 -44.0 -22.0 0.0 22.0 44.0 66.0 88.0 110.0 132.0 154.0 176.0 198.0 

