3
èãàíçéÖ  ÑÇìïÅãéóçéÖ  Ü.Å.è.ë.  èéÑ  çÄÉêìáäì  ç8 - 1931 £.  à≠¢. N 7214
Lo = 160 ·¨.   LØ = 220 ·¨.
N0_0160.19
  1.000
 20.000
  0.000
  0.000
  0.000
  0.000
  0.000
180.000
 10.000
170.000
220.000
  2.000
100.000
300.000
  0.000
  0.000
200.000
200.000
  0.000
 10.000
 25.000
 30.000
 20.000
 65.000
 20.000
 65.000
 20.000
 65.000
 40.000
 80.000
360.000
 80.000
380.000
 65.000
380.000
 65.000
380.000
 65.000
375.000
 30.000
  0.000
  0.000
  0.000
  0.000
  0.000
  0.000
  3.000
  0.000
 90.000
180.000
  2.000
  7.000
  2.000
  7.000
  2.000
  6.000
  1.000
  1.000
  8.000
  0.000
  0.000
  0.000
 30.000
  0.000
 65.000
 20.000
 65.000
 20.000
 65.000
 25.000
 30.000
200.000
 30.000
200.000
  0.000
  0.000
  2.000
 14.074
 -6.000
 17.000
  2.800
  3.800
 12.064
 17.000
 40.000
  2.800
  3.800
  1.000
200.000
  8.545
 20.000
  3.000
-17.000
197.000
  3.800
 18.096
 17.000
163.000
  3.800
 14.074
 40.000
140.000
  3.800
 12.064
  1.000
-17.000
197.000
  2.800
  7.069
  0.000
  0.000
  0.000
  0.000
  0.000
  0.000
  3.000
  0.000
 90.000
180.000
  2.000
  7.000
  2.000
  7.000
  3.000
  7.000
  1.000
  1.000
  8.000
200.000
  0.000
200.000
 30.000
375.000
 30.000
380.000
 65.000
380.000
 65.000
400.000
 65.000
400.000
 30.000
400.000
  0.000
  0.000
  2.000
 14.074
 -6.000
 17.000
  2.800
  3.800
 12.064
 17.000
 40.000
  2.800
  3.800
  1.000
200.000
  8.545
 20.000
  3.000
-17.000
197.000
  3.800
 18.096
 17.000
163.000
  3.800
 14.074
 40.000
140.000
  3.800
 12.064
  1.000
-17.000
197.000
  2.800
  7.069
  1.000
9
16
 -94.0 -70.5 -47.0 -23.5 0.0 23.5 47.0 70.5 94.0 
7
16
 96.0 -96.0 64.4 -64.4 32.2 -32.2 5.0 
6
16
 -98.0 -58.8 -19.6 19.6 58.8 98.0 
9
10
 -98.0 -73.5 -49.0 -24.5 0.0 24.5 49.0 73.5 98.0 
9
16
 -94.0 -70.5 -47.0 -23.5 0.0 23.5 47.0 70.5 94.0 
7
16
 96.0 -96.0 64.4 -64.4 32.2 -32.2 5.0 
6
16
 -98.0 -58.8 -19.6 19.6 58.8 98.0 
9
10
 -98.0 -73.5 -49.0 -24.5 0.0 24.5 49.0 73.5 98.0 
