3
èãàíçéÖ  ÑÇìïÅãéóçéÖ  Ü.Å.è.ë.  èéÑ  çÄÉêìáäì  H8 - 1931 £. à≠¢. N 7214
Lo = 107 ·¨.   LØ = 173 ·¨.
N0_0107.19
  1.000
 20.000
  0.000
  0.000
  0.000
  0.000
  0.000
129.000
 11.000
118.000
173.000
  2.000
100.000
300.000
  0.000
  0.000
200.000
200.000
  0.000
 10.000
 25.000
 25.000
 20.000
 60.000
 20.000
 60.000
 20.000
 60.000
 40.000
 75.000
360.000
 75.000
380.000
 60.000
380.000
 60.000
380.000
 60.000
375.000
 25.000
  0.000
  0.000
  0.000
  0.000
  0.000
  0.000
  3.000
  0.000
 64.500
129.000
  2.000
  7.000
  2.000
  7.000
  2.000
  6.000
  1.000
  1.000
  8.000
  0.000
  0.000
  0.000
 25.000
  0.000
 60.000
 20.000
 60.000
 20.000
 60.000
 25.000
 25.000
200.000
 25.000
200.000
  0.000
  0.000
  2.000
 10.053
 -5.000
 13.000
  2.800
  3.800
 10.053
 12.000
 30.000
  2.800
  3.800
  1.000
165.000
  4.524
 15.000
  3.000
-19.000
148.000
  3.800
 16.085
 13.000
116.000
  3.800
 10.053
 30.000
 99.000
  3.800
 10.053
  1.000
-19.000
148.000
  2.800
  3.927
  0.000
  0.000
  0.000
  0.000
  0.000
  0.000
  3.000
  0.000
 64.500
129.000
  2.000
  7.000
  2.000
  7.000
  3.000
  7.000
  1.000
  1.000
  8.000
200.000
  0.000
200.000
 25.000
375.000
 25.000
380.000
 60.000
380.000
 60.000
400.000
 60.000
400.000
 25.000
400.000
  0.000
  0.000
  2.000
 10.053
 -5.000
 13.000
  2.800
  3.800
 10.053
 12.000
 30.000
  2.800
  3.800
  1.000
165.000
  4.524
 15.000
  3.000
-19.000
148.000
  3.800
 16.085
 13.000
116.000
  3.800
 10.053
 30.000
 99.000
  3.800
 10.053
  1.000
-19.000
148.000
  2.800
  3.927
  1.000
8
16
 -98.0 -70.0 -42.0 -14.0 14.0 42.0 70.0 98.0 
5
16
 94.0 -94.0 46.0 -46.0 5.0 
5
16
 96.0 -96.0 48.0 -48.0 -5.0 
5
10
 -98.0 -49.0 0.0 49.0 98.0 
8
16
 -98.0 -70.0 -42.0 -14.0 14.0 42.0 70.0 98.0 
5
16
 94.0 -94.0 46.0 -46.0 5.0 
5
16
 96.0 -96.0 48.0 -48.0 -5.0 
5
10
 -98.0 -49.0 0.0 49.0 98.0 
