3
èãàíçéÖ  Ü.Å.è.ë.  èéÑ  çÄÉêìáäì  ç7 - 1031 £.
Lo = 600 ·¨.      LØ = 690 ·¨.
n1_0600.08
  1.000
 20.000
  0.000
  0.000
  0.000
  0.000
  0.000
630.000
 15.000
615.000
690.000
  1.000
192.500
  0.000
  0.000
192.500
192.500
 10.000
 20.000
 75.000
 20.000
110.000
 20.000
110.000
 20.000
110.000
 40.000
125.000
345.000
125.000
365.000
110.000
365.000
110.000
365.000
110.000
365.000
 75.000
  0.000
  0.000
  0.000
  0.000
  2.000
  6.000
  2.000
  2.011
  8.273
  3.000
 62.000
  3.000
 62.000
 72.500
 53.000
312.500
 53.000
382.000
 62.000
382.000
 62.000
  3.000
 72.000
382.000
 72.000
  0.000
  3.000
  0.000
315.000
630.000
  2.000
 19.000
  3.000
 18.000
  5.000
 10.000
 11.000
 16.000
  1.000
  1.000
 20.000
 72.500
  0.000
 72.500
 50.000
  0.000
 59.000
  0.000
 59.000
  0.000
 75.000
  0.000
110.000
  0.000
110.000
 20.000
110.000
 20.000
110.000
 20.000
 75.000
365.000
 75.000
365.000
110.000
365.000
110.000
385.000
110.000
385.000
110.000
385.000
 75.000
385.000
 59.000
385.000
 59.000
312.500
 50.000
312.500
  0.000
  0.000
  3.000
 45.239
-16.000
 49.300
  6.000
  4.200
 27.143
 49.300
115.900
  4.200
  4.200
 18.096
115.900
182.500
  4.200
  4.200
  1.000
640.000
  8.042
 65.000
  4.000
-20.000
650.000
  4.200
 85.954
 49.300
580.700
  4.200
 45.239
115.900
514.100
  4.200
 27.143
182.500
447.500
  4.200
 18.096
  0.000
  1.000
19
24
 -117.9 -104.8 -91.7 -78.6 -65.5 -52.4 -39.3 -26.2 -13.1 0.0 13.1 26.2 39.3 52.4 65.5 78.6 91.7 104.8 117.9 
10
24
 -112.5 -87.5 -62.5 -37.5 -12.5 12.5 37.5 62.5 87.5 112.5 
6
24
 -105.0 -63.0 -21.0 21.0 63.0 105.0 
4
24
 -97.5 -32.5 32.5 97.5 
4
8
7
12
