         3
Ребристое ПС проектировки Лентрансмостпроект 1945г. Инв ╣ 2076
n4_0500.33
*

         1
        25
         0         0         0         0
         0   533.333    16.667   516.667
       600
         4
        49       151       249       351
         0
         0
       200       200
         1
        10
        15        65
        10       100
        10       100
        10       100
        35       115
       365       115
       390       100
       390       100
       390       100
       385        65

         0         0         0         0
         8
         2         2         2         2         2         2         2         2
     4.712     4.712     4.712     4.712     4.712     4.712     4.712     4.712
         3        63        35        63         3        52        35        52        35        63        38        63        35        52        38        50        60        63    81.500        63        60        52    81.500        52    81.500        52       100        52    81.500        63       100        63
         0

         3
         0   266.667   533.333
         2        12         3        12
         5         9
         1         0
        13
        35         0        35        50        35        50         0        50         0        65         0       100        10       100        10       100        15        65       100        65       100        50        63        50        63         0
         0

         6
     7.603       -18    31.667     5.700     9.300
     7.603    26.667    76.667     5.700     9.300
     7.603    70.667   116.667     4.500    14.500
     3.801   111.667   161.667     5.700     9.300
     3.801   155.667   201.667     4.500    14.500
     3.801   195.667   241.667     4.500    14.500
         1
   556.667     2.011        20
         7
       -28   561.667     4.100    19.007
    31.667   501.667     9.300     7.603
    76.667   456.667     9.300     7.603
   116.667   416.667    14.500     7.603
   161.667   371.667     9.300     3.801
   201.667   331.667    14.500     3.801
   241.667   291.667    14.500     3.801
         1
       -28   561.667     4.100     2.356

         8
         2         2         2         2         2         2         2         2
     4.712     4.712     4.712     4.712     4.712     4.712     4.712     4.712
       100        52   118.500        52       100        63   118.500        63   118.500        63       140        63   118.500        52       140        52       162        63   182.500        63       162        52   182.500        52   182.500        52       200        52   182.500        63       200        63
         0

         3
         0   266.667   533.333
         2         7         2         7
         0         0
         8
       137         0       137        50       100        50       100        65       200        65       200        50       165        50       165         0
         0

         6
     7.603       -18    31.667     5.700     9.300
     7.603    26.667    76.667     5.700     9.300
     7.603    70.667   116.667     4.500    14.500
     3.801   111.667   161.667     5.700     9.300
     3.801   155.667   201.667     4.500    14.500
     3.801   195.667   241.667     4.500    14.500
         1
   556.667     2.011        20
         7
       -28   561.667     4.100    19.007
    31.667   501.667     9.300     7.603
    76.667   456.667     9.300     7.603
   116.667   416.667    14.500     7.603
   161.667   371.667     9.300     3.801
   201.667   331.667    14.500     3.801
   241.667   291.667    14.500     3.801
         1
       -28   561.667     4.100     2.356

         8
         2         2         2         2         2         2         2         2
     4.712     4.712     4.712     4.712     4.712     4.712     4.712     4.712
       200        52   217.500        52       200        63   217.500        63   217.500        63       238        63   217.500        52       238        52       260        63   281.500        63       260        52   281.500        52   281.500        52       300        52   281.500        63       300        63
         0

         3
         0   266.667   533.333
         2         7         2         7
         0         0
         8
       235         0       235        50       200        50       200        65       300        65       300        50       263        50       263         0
         0

         6
     7.603       -18    31.667     5.700     9.300
     7.603    26.667    76.667     5.700     9.300
     7.603    70.667   116.667     4.500    14.500
     3.801   111.667   161.667     5.700     9.300
     3.801   155.667   201.667     4.500    14.500
     3.801   195.667   241.667     4.500    14.500
         1
   556.667     2.011        20
         7
       -28   561.667     4.100    19.007
    31.667   501.667     9.300     7.603
    76.667   456.667     9.300     7.603
   116.667   416.667    14.500     7.603
   161.667   371.667     9.300     3.801
   201.667   331.667    14.500     3.801
   241.667   291.667    14.500     3.801
         1
       -28   561.667     4.100     2.356
         0         0         0         0
         8
         2         2         2         2         2         2         2         2
     4.712     4.712     4.712     4.712     4.712     4.712     4.712     4.712
       397        63       365        63       397        52       365        52       365        63       362        63       365        52       362        50       340        63   318.500        63       340        52   318.500        52   318.500        52       300        52   318.500        63       300        63
         0

         3
         0   266.667   533.333
         2        12         2        11
         5         9
         0         1
        13
       337         0       337        50       300        50       300        65       385        65       390       100       390       100       400       100       400        65       400        50       365        50       365        50       365         0
         0

         6
     7.603       -18    31.667     5.700     9.300
     7.603    26.667    76.667     5.700     9.300
     7.603    70.667   116.667     4.500    14.500
     3.801   111.667   161.667     5.700     9.300
     3.801   155.667   201.667     4.500    14.500
     3.801   195.667   241.667     4.500    14.500
         1
   556.667     2.011        20
         7
       -28   561.667     4.100    19.007
    31.667   501.667     9.300     7.603
    76.667   456.667     9.300     7.603
   116.667   416.667    14.500     7.603
   161.667   371.667     9.300     3.801
   201.667   331.667    14.500     3.801
   241.667   291.667    14.500     3.801
         1
       -28   561.667     4.100     2.356
        1
5
22
 -12.0 -6.0 0.0 6.0 12.0 
2
22
 -12.0 12.0 
2
22
 -6.0 6.0 
2
22
 -8.0 8.0 
1
22
 0.0 
1
22
 0.0 
1
22
 0.0 
3
10
 -12.0 0.0 12.0 
6
10
6
10
6
10
6
10
6
10
6
10
6
10
6
10
5
22
 -12.0 -6.0 0.0 6.0 12.0 
2
22
 -12.0 12.0 
2
22
 -6.0 6.0 
2
22
 -8.0 8.0 
1
22
 0.0 
1
22
 0.0 
1
22
 0.0 
3
10
 -12.0 0.0 12.0 
6
10
6
10
6
10
6
10
6
10
6
10
6
10
6
10
5
22
 -12.0 -6.0 0.0 6.0 12.0 
2
22
 -12.0 12.0 
2
22
 -6.0 6.0 
2
22
 -8.0 8.0 
1
22
 0.0 
1
22
 0.0 
1
22
 0.0 
3
10
 -12.0 0.0 12.0 
6
10
6
10
6
10
6
10
6
10
6
10
6
10
6
10
5
22
 -12.0 -6.0 0.0 6.0 12.0 
2
22
 -12.0 12.0 
2
22
 -6.0 6.0 
2
22
 -8.0 8.0 
1
22
 0.0 
1
22
 0.0 
1
22
 0.0 
3
10
 -12.0 0.0 12.0 
6
10
6
10
6
10
6
10
6
10
6
10
6
10
6
10
