3
Типовой проект инв N2272  1947 г.
L0=5.00      HB=50  см.
n4_0500.38
  1.000
 20.000
  0.000
  0.000
  0.000
  0.000
  0.000
534.000
 17.000
517.000
600.000
  4.000
 72.000
168.000
232.000
328.000
  0.000
  0.000
200.000
200.000
  1.000
  6.000
 20.000
 90.000
 10.000
120.000
 40.000
140.000
360.000
140.000
390.000
120.000
380.000
 90.000
  0.000
  0.000
  0.000
  0.000
  4.000
  2.000
  5.000
  5.000
  3.000
  5.650
  2.260
  3.390
  5.650
  7.600
 87.400
120.000
 87.400
 32.200
 78.600
 41.000
 87.400
 85.000
 87.400
 94.800
 77.600
120.000
 77.600
 49.200
 77.600
 59.000
 87.400
 85.000
 87.400
 94.800
 77.600
120.000
 77.600
  8.600
 80.200
 47.000
 77.600
120.000
 77.600
  0.000
  3.000
  0.000
267.000
534.000
  2.000
 10.000
  2.000
 10.000
  4.000
  7.000
  1.000
  0.000
 11.000
 60.000
  0.000
 60.000
 74.000
  6.000
 78.000
  4.000
 90.000
  0.000
120.000
 10.000
120.000
 20.000
 90.000
120.000
 90.000
120.000
 75.000
 84.000
 75.000
 84.000
  0.000
  0.000
  5.000
  6.280
-30.000
 47.000
  4.000
  9.000
  6.280
 13.000
 90.000
  4.000
  9.000
  6.280
 62.000
139.000
  4.000
  9.000
  6.280
107.000
179.000
  4.000
 14.000
  6.280
147.000
219.000
  4.000
 14.000
  1.000
585.000
  2.000
 15.000
  6.000
-30.000
564.000
  4.000
 18.840
 47.000
487.000
  9.000
  6.280
 90.000
444.000
  9.000
  6.280
139.000
395.000
  9.000
  6.280
179.000
355.000
 14.000
  6.280
219.000
315.000
 14.000
  6.280
  1.000
-30.000
564.000
  4.000
  8.040
  4.000
  2.000
  5.000
  5.000
  3.000
  5.650
  2.260
  3.390
  5.650
120.000
 87.400
196.000
 87.400
120.000
 77.600
145.200
 77.600
155.000
 87.400
181.000
 87.400
189.800
 78.800
120.000
 77.600
145.200
 77.600
155.000
 87.400
181.000
 87.400
189.800
 78.800
120.000
 77.600
184.000
 77.600
196.000
 80.000
  0.000
  3.000
  0.000
267.000
534.000
  2.000
  7.000
  2.000
  7.000
  0.000
  1.000
  8.000
156.000
  0.000
156.000
 75.000
120.000
 75.000
120.000
 90.000
200.000
 90.000
200.000
 78.000
180.000
 74.000
180.000
  0.000
  0.000
  5.000
  6.280
-30.000
 47.000
  4.000
  9.000
  6.280
 13.000
 90.000
  4.000
  9.000
  6.280
 62.000
139.000
  4.000
  9.000
  6.280
107.000
179.000
  4.000
 14.000
  6.280
147.000
219.000
  4.000
 14.000
  1.000
585.000
  2.000
 15.000
  6.000
-30.000
564.000
  4.000
 18.840
 47.000
487.000
  9.000
  6.280
 90.000
444.000
  9.000
  6.280
139.000
395.000
  9.000
  6.280
179.000
355.000
 14.000
  6.280
219.000
315.000
 14.000
  6.280
  1.000
-30.000
564.000
  4.000
  8.040
  4.000
  2.000
  5.000
  5.000
  3.000
  5.650
  2.260
  3.390
  5.650
204.000
 87.400
280.000
 87.400
210.200
 78.800
219.000
 87.400
245.000
 87.400
255.200
 77.600
280.000
 77.600
210.200
 78.800
219.000
 87.400
245.000
 87.400
255.200
 77.600
280.000
 77.600
204.000
 80.000
216.000
 77.600
280.000
 77.600
  0.000
  3.000
  0.000
267.000
534.000
  2.000
  7.000
  2.000
  7.000
  1.000
  0.000
  8.000
220.000
  0.000
220.000
 74.000
200.000
 78.000
200.000
 90.000
280.000
 90.000
280.000
 75.000
244.000
 75.000
244.000
  0.000
  0.000
  5.000
  6.280
-30.000
 47.000
  4.000
  9.000
  6.280
 13.000
 90.000
  4.000
  9.000
  6.280
 62.000
139.000
  4.000
  9.000
  6.280
107.000
179.000
  4.000
 14.000
  6.280
147.000
219.000
  4.000
 14.000
  1.000
585.000
  2.000
 15.000
  6.000
-30.000
564.000
  4.000
 18.840
 47.000
487.000
  9.000
  6.280
 90.000
444.000
  9.000
  6.280
139.000
395.000
  9.000
  6.280
179.000
355.000
 14.000
  6.280
219.000
315.000
 14.000
  6.280
  1.000
-30.000
564.000
  4.000
  8.040
  0.000
  0.000
  0.000
  0.000
  4.000
  2.000
  5.000
  5.000
  3.000
  5.650
  2.260
  3.390
  5.650
280.000
 87.400
392.400
 87.400
280.000
 77.600
305.200
 77.600
315.000
 87.400
359.000
 87.400
367.800
 78.600
280.000
 77.600
305.200
 77.600
315.000
 87.400
341.000
 87.400
350.800
 77.600
280.000
 77.600
353.000
 77.600
391.400
 80.200
  0.000
  3.000
  0.000
267.000
534.000
  2.000
 10.000
  2.000
 10.000
  5.000
  8.000
  0.000
  1.000
 11.000
316.000
  0.000
316.000
 75.000
280.000
 75.000
280.000
 90.000
380.000
 90.000
390.000
120.000
400.000
120.000
396.000
 90.000
394.000
 78.000
340.000
 74.000
340.000
  0.000
  0.000
  5.000
  6.280
-30.000
 47.000
  4.000
  9.000
  6.280
 13.000
 90.000
  4.000
  9.000
  6.280
 62.000
139.000
  4.000
  9.000
  6.280
107.000
179.000
  4.000
 14.000
  6.280
147.000
219.000
  4.000
 14.000
  1.000
585.000
  2.000
 15.000
  6.000
-30.000
564.000
  4.000
 18.840
 47.000
487.000
  9.000
  6.280
 90.000
444.000
  9.000
  6.280
139.000
395.000
  9.000
  6.280
179.000
355.000
 14.000
  6.280
219.000
315.000
 14.000
  6.280
  1.000
-30.000
564.000
  4.000
  8.040
  1.000
6
20
 -10.0 -6.0 -2.0 2.0 6.0 10.0 
2
20
 -10.0 10.0 
2
20
 -6.5 6.5 
2
20
 -3.0 3.0 
2
20
 -10.0 10.0 
2
20
 -5.0 5.0 
4
16
 -9.9 -3.3 3.3 9.9 
5
12
2
12
3
12
5
12
6
20
 -10.0 -6.0 -2.0 2.0 6.0 10.0 
2
20
 -10.0 10.0 
2
20
 -6.5 6.5 
2
20
 -3.0 3.0 
2
20
 -10.0 10.0 
2
20
 -5.0 5.0 
4
16
 -9.9 -3.3 3.3 9.9 
5
12
2
12
3
12
5
12
6
20
 -10.0 -6.0 -2.0 2.0 6.0 10.0 
2
20
 -10.0 10.0 
2
20
 -6.5 6.5 
2
20
 -3.0 3.0 
2
20
 -10.0 10.0 
2
20
 -5.0 5.0 
4
16
 -9.9 -3.3 3.3 9.9 
5
12
2
12
3
12
5
12
6
20
 -10.0 -6.0 -2.0 2.0 6.0 10.0 
2
20
 -10.0 10.0 
2
20
 -6.5 6.5 
2
20
 -3.0 3.0 
2
20
 -10.0 10.0 
2
20
 -5.0 5.0 
4
16
 -9.9 -3.3 3.3 9.9 
5
12
2
12
3
12
5
12
