2
n6_0600.26 Армирование для крайней балки
*
 1.000
 20.000
  0.000
  0.000
  0.000
  0.000
  0.000
633.333
 16.667
616.667
700.000
  6.000
 31.000
 98.000
166.000
234.000
292.000
369.000
  0.000
  0.000
200.000
200.000
  1.000
 10.000
 15.000
 70.000
 10.000
105.000
 10.000
105.500
 10.000
105.500
 40.000
120.000
360.000
120.000
390.000
105.500
390.000
105.500
390.000
105.000
385.000
 70.000
  0.000
  0.000
  0.000
  0.000
  8.000
  2.000
  2.000
  2.000
  2.000
  2.000
  2.000
  2.000
  2.000
  3.927
  3.927
  3.927
  3.927
  3.927
  3.927
  3.927
  3.927
  3.000
 67.000
 18.000
 67.000
  3.000
 58.000
 18.000
 58.000
 18.000
 67.000
 21.000
 67.000
 18.000
 58.000
 21.000
 55.000
 41.000
 67.000
 54.000
 67.000
 41.000
 58.000
 54.000
 58.000
 54.000
 58.000
 64.000
 58.000
 54.000
 67.000
 64.000
 67.000
  0.000
  3.000
  0.000
316.667
633.333
  2.000
 12.000
  3.000
 12.000
  5.000
  9.000
  1.000
  0.000
 13.000
 18.000
  0.000
 18.000
 55.000
 18.000
 55.000
  0.000
 55.000
  0.000
 70.000
  0.000
105.500
 10.000
105.500
 10.000
105.000
 15.000
 70.000
 64.000
 70.000
 64.000
 55.000
 44.000
 55.000
 44.000
  0.000
  0.000
  5.000
  5.671
-25.000
 36.667
  3.500
  4.000
  5.671
 29.667
 86.667
  3.500
  9.000
  5.671
 79.667
136.667
  3.500
  9.000
  2.835
129.667
186.667
  3.500
  9.000
  2.835
184.667
236.667
  3.500
 14.000
  1.000
680.000
  1.005
 20.000
  6.000
-28.000
661.333
  4.000
  8.506
 36.667
596.666
  4.000
  5.671
 86.667
546.666
  9.000
  5.671
136.667
496.666
  9.000
  5.671
186.667
446.666
  9.000
  2.835
236.667
396.666
 14.000
  2.835
  1.000
-28.000
661.333
  3.500
  1.571
  8.000
  2.000
  2.000
  2.000
  2.000
  2.000
  2.000
  2.000
  2.000
  3.927
  3.927
  3.927
  3.927
  3.927
  3.927
  3.927
  3.927
 64.000
 58.000
 74.000
 58.000
 64.000
 67.000
 74.000
 67.000
 74.000
 67.000
 87.000
 67.000
 74.000
 58.000
 87.000
 58.000
111.000
 67.000
124.000
 67.000
111.000
 58.000
124.000
 58.000
124.000
 58.000
134.000
 58.000
124.000
 67.000
134.000
 67.000
  0.000
  3.000
  0.000
316.667
633.333
  2.000
  7.000
  2.000
  7.000
  0.000
  0.000
  8.000
 84.000
  0.000
 84.000
 55.000
 64.000
 55.000
 64.000
 70.000
134.000
 70.000
134.000
 55.000
114.000
 55.000
114.000
  0.000
  0.000
  5.000
 11.404
-28.000
 26.667
  3.500
  9.300
  7.603
 14.667
 71.667
  3.500
  9.300
  7.603
 64.667
116.667
  3.500
 14.500
  7.603
109.667
161.667
  3.500
 14.500
  3.801
149.667
201.667
  3.500
 14.500
  1.000
690.000
  2.011
 15.000
  6.000
-28.000
661.333
  4.100
 19.007
 26.667
606.666
  9.300
 11.404
 71.667
561.666
  9.300
  7.603
116.667
516.666
 14.500
  7.603
161.667
471.666
 14.500
  7.603
201.667
431.666
 14.500
  3.801
  1.000
-28.000
661.333
  3.500
  2.356
  8.000
  2.000
  2.000
  2.000
  2.000
  2.000
  2.000
  2.000
  2.000
  3.927
  3.927
  3.927
  3.927
  3.927
  3.927
  3.927
  3.927
134.000
 58.000
144.000
 58.000
134.000
 67.000
144.000
 67.000
144.000
 67.000
157.000
 67.000
144.000
 58.000
157.000
 58.000
179.000
 67.000
192.000
 67.000
179.000
 58.000
192.000
 58.000
192.000
 58.000
202.000
 58.000
192.000
 67.000
202.000
 67.000
  0.000
  3.000
  0.000
316.667
633.333
  2.000
  7.000
  2.000
  7.000
  0.000
  0.000
  8.000
154.000
  0.000
154.000
 55.000
134.000
 55.000
134.000
 70.000
202.000
 70.000
202.000
 55.000
182.000
 55.000
182.000
  0.000
  0.000
  5.000
 11.404
-28.000
 26.667
  3.500
  9.300
  7.603
 14.667
 71.667
  3.500
  9.300
  7.603
 64.667
116.667
  3.500
 14.500
  7.603
109.667
161.667
  3.500
 14.500
  3.801
149.667
201.667
  3.500
 14.500
  1.000
690.000
  2.011
 15.000
  6.000
-28.000
661.333
  4.100
 19.007
 26.667
606.666
  9.300
 11.404
 71.667
561.666
  9.300
  7.603
116.667
516.666
 14.500
  7.603
161.667
471.666
 14.500
  7.603
201.667
431.666
 14.500
  3.801
  1.000
-28.000
661.333
  3.500
  2.356
  8.000
  2.000
  2.000
  2.000
  2.000
  2.000
  2.000
  2.000
  2.000
  3.927
  3.927
  3.927
  3.927
  3.927
  3.927
  3.927
  3.927
202.000
 58.000
212.000
 58.000
202.000
 67.000
212.000
 67.000
212.000
 67.000
225.000
 67.000
212.000
 58.000
225.000
 58.000
247.000
 67.000
260.000
 67.000
247.000
 58.000
260.000
 58.000
260.000
 58.000
270.000
 58.000
260.000
 67.000
270.000
 67.000
  0.000
  3.000
  0.000
316.667
633.333
  2.000
  7.000
  2.000
  7.000
  0.000
  0.000
  8.000
222.000
  0.000
222.000
 55.000
202.000
 55.000
202.000
 70.000
270.000
 70.000
270.000
 55.000
250.000
 55.000
250.000
  0.000
  0.000
  5.000
 11.404
-28.000
 26.667
  3.500
  9.300
  7.603
 14.667
 71.667
  3.500
  9.300
  7.603
 64.667
116.667
  3.500
 14.500
  7.603
109.667
161.667
  3.500
 14.500
  3.801
149.667
201.667
  3.500
 14.500
  1.000
690.000
  2.011
 15.000
  6.000
-28.000
661.333
  4.100
 19.007
 26.667
606.666
  9.300
 11.404
 71.667
561.666
  9.300
  7.603
116.667
516.666
 14.500
  7.603
161.667
471.666
 14.500
  7.603
201.667
431.666
 14.500
  3.801
  1.000
-28.000
661.333
  3.500
  2.356
  8.000
  2.000
  2.000
  2.000
  2.000
  2.000
  2.000
  2.000
  2.000
  3.927
  3.927
  3.927
  3.927
  3.927
  3.927
  3.927
  3.927
270.000
 58.000
280.000
 58.000
270.000
 67.000
280.000
 67.000
280.000
 67.000
293.000
 67.000
280.000
 58.000
293.000
 58.000
315.000
 67.000
328.000
 67.000
315.000
 58.000
328.000
 58.000
328.000
 58.000
336.000
 58.000
328.000
 67.000
336.000
 67.000
  0.000
  3.000
  0.000
316.667
633.333
  2.000
  7.000
  2.000
  7.000
  0.000
  0.000
  8.000
290.000
  0.000
290.000
 55.000
270.000
 55.000
270.000
 70.000
336.000
 70.000
336.000
 55.000
318.000
 55.000
318.000
  0.000
  0.000
  5.000
 11.404
-28.000
 26.667
  3.500
  9.300
  7.603
 14.667
 71.667
  3.500
  9.300
  7.603
 64.667
116.667
  3.500
 14.500
  7.603
109.667
161.667
  3.500
 14.500
  3.801
149.667
201.667
  3.500
 14.500
  1.000
690.000
  2.011
 15.000
  6.000
-28.000
661.333
  4.100
 19.007
 26.667
606.666
  9.300
 11.404
 71.667
561.666
  9.300
  7.603
116.667
516.666
 14.500
  7.603
161.667
471.666
 14.500
  7.603
201.667
431.666
 14.500
  3.801
  1.000
-28.000
661.333
  3.500
  2.356
  0.000
  0.000
  0.000
  0.000
  8.000
  2.000
  2.000
  2.000
  2.000
  2.000
  2.000
  2.000
  2.000
  3.927
  3.927
  3.927
  3.927
  3.927
  3.927
  3.927
  3.927
397.000
 67.000
382.000
 67.000
397.000
 58.000
382.000
 58.000
382.000
 67.000
379.000
 67.000
382.000
 58.000
379.000
 55.000
359.000
 67.000
346.000
 67.000
359.000
 58.000
346.000
 58.000
346.000
 58.000
337.000
 58.000
346.000
 67.000
337.000
 67.000
  0.000
  3.000
  0.000
316.667
633.333
  2.000
 12.000
  2.000
 11.000
  5.000
  9.000
  0.000
  1.000
 13.000
356.000
  0.000
356.000
 55.000
336.000
 55.000
336.000
 70.000
385.000
 70.000
390.000
105.000
390.000
105.500
400.000
105.500
400.000
 70.000
400.000
 55.000
382.000
 55.000
382.000
 55.000
382.000
  0.000
  0.000
  5.000
  5.671
-25.000
 36.667
  3.500
  4.000
  5.671
 29.667
 86.667
  3.500
  9.000
  5.671
 79.667
136.667
  3.500
  9.000
  2.835
129.667
186.667
  3.500
  9.000
  2.835
184.667
236.667
  3.500
 14.000
  1.000
680.000
  1.005
 20.000
  6.000
-28.000
661.333
  4.000
  8.506
 36.667
596.666
  4.000
  5.671
 86.667
546.666
  9.000
  5.671
136.667
496.666
  9.000
  5.671
186.667
446.666
  9.000
  2.835
236.667
396.666
 14.000
  2.835
  1.000
-28.000
661.333
  3.500
  1.571
  1.000
3
19
 -11.0 0.0 11.0 
2
19
 -5.5 5.5 
2
19
 -11.0 11.0 
2
19
 -5.5 5.5 
1
19
 0.0 
1
19
 0.0 
2
10
 -11.0 11.0 
5
10
5
10
5
10
5
10
5
10
5
10
5
10
5
10
3
19
 -11.0 0.0 11.0 
2
19
 -5.5 5.5 
2
19
 -11.0 11.0 
2
19
 -5.5 5.5 
1
19
 0.0 
1
19
 0.0 
2
10
 -11.0 11.0 
5
10
5
10
5
10
5
10
5
10
5
10
5
10
5
10
3
19
 -11.0 0.0 11.0 
2
19
 -5.5 5.5 
2
19
 -11.0 11.0 
2
19
 -5.5 5.5 
1
19
 0.0 
1
19
 0.0 
2
10
 -11.0 11.0 
5
10
5
10
5
10
5
10
5
10
5
10
5
10
5
10
3
19
 -11.0 0.0 11.0 
2
19
 -5.5 5.5 
2
19
 -11.0 11.0 
2
19
 -5.5 5.5 
1
19
 0.0 
1
19
 0.0 
2
10
 -11.0 11.0 
5
10
5
10
5
10
5
10
5
10
5
10
5
10
5
10
3
19
 -11.0 0.0 11.0 
2
19
 -5.5 5.5 
2
19
 -11.0 11.0 
2
19
 -5.5 5.5 
1
19
 0.0 
1
19
 0.0 
2
10
 -11.0 11.0 
5
10
5
10
5
10
5
10
5
10
5
10
5
10
5
10
3
19
 -11.0 0.0 11.0 
2
19
 -5.5 5.5 
2
19
 -11.0 11.0 
2
19
 -5.5 5.5 
1
19
 0.0 
1
19
 0.0 
2
10
 -11.0 11.0 
5
10
5
10
5
10
5
10
5
10
5
10
5
10
5
10
